{
 "cells": [
  {
   "cell_type": "code",
   "execution_count": 68,
   "metadata": {
    "_sphinx_cell_id": "da2004ae-55f9-4032-9b73-c16f0d06416c"
   },
   "outputs": [],
   "source": [
    "import os\n",
    "import sys\n",
    "import numpy as np\n",
    "import matplotlib.pyplot as plt\n",
    "\n",
    "sys.path.append(os.path.abspath(\"..\"))\n",
    "\n",
    "from src.metapopulation import Metapopulation\n",
    "from src.delays import heterogeneous_delay_matrix\n",
    "from src.delays import uniform_delay_matrix, distance_delay_matrix, heterogeneous_delay_matrix\n",
    "\n",
    "CONFIG = os.path.join(os.path.dirname(os.path.abspath(\"__file__\")), \"distance_delays.yaml\")\n",
    "TOPOLOGIES = ['line', 'full', 'ring', 'lattice']\n",
    "SHAPE_PARAMS = [2.5, 10]  # low p = high heterogeneity, high p = low heterogeneity"
   ]
  },
  {
   "cell_type": "code",
   "execution_count": 69,
   "metadata": {
    "_sphinx_cell_id": "e5694aa6-1104-4660-a6fc-1c06dd58fe43"
   },
   "outputs": [],
   "source": [
    "def run(topology, p):\n",
    "    model = Metapopulation()\n",
    "    model.load_config(CONFIG)\n",
    "    model.create_network(params={'topology': topology})\n",
    "    model.create_delay_matrix(mode='heterogeneous', vm=6.0, p=p, target_mean_rho=10.0, seed=42)\n",
    "    model.initialise_model()\n",
    "    model.run_simulation()\n",
    "    return model"
   ]
  },
  {
   "cell_type": "code",
   "execution_count": 70,
   "metadata": {
    "_sphinx_cell_id": "81644c3e-2a69-4b1a-aba5-695bbc090bbe"
   },
   "outputs": [],
   "source": [
    "def synchrony_index(trajectories):\n",
    "    E = trajectories[0]  # (N, T)\n",
    "    return float(np.mean(np.var(E, axis=0)))\n",
    "\n",
    "\n",
    "def dominant_frequency(trajectories, dt):\n",
    "    E = trajectories[0]  # (N, T)\n",
    "    freqs = np.fft.rfftfreq(E.shape[1], d=dt)\n",
    "    fft_power = np.abs(np.fft.rfft(E, axis=1))\n",
    "    fft_power[:, 0] = 0\n",
    "    fft_mean = np.mean(fft_power, axis=0)\n",
    "    return float(freqs[np.argmax(fft_mean)])\n",
    "\n",
    "\n",
    "def mean_delay(delay_matrix):\n",
    "    N = delay_matrix.shape[0]\n",
    "    mask = ~np.eye(N, dtype=bool)\n",
    "    return float(np.mean(delay_matrix[mask]))"
   ]
  },
  {
   "cell_type": "code",
   "execution_count": 71,
   "metadata": {
    "_sphinx_cell_id": "c3eb6d05-c8d7-4e63-aa5d-0edecfc4500d"
   },
   "outputs": [
    {
     "name": "stdout",
     "output_type": "stream",
     "text": [
      "Running line, p=2.5...\n",
      "Model parameters:\n",
      "{'mode': 'wilson_cowan', 'c_ee': 1, 'c_ei': -1, 'c_ie': 1, 'c_ii': -1, 'tau_1': 1.0, 'tau_2': 1.4, 'rho': array([[ 0.        ,  0.98799381,  1.50739926,  3.32377391,  4.88337154,\n",
      "         3.49984451,  6.92638566,  6.24710798,  7.59083795,  6.30310363,\n",
      "        13.72178156,  6.3777156 , 19.67012453, 11.15191608, 12.92426837,\n",
      "        26.20763844],\n",
      "       [ 0.98799381,  0.        ,  0.8157546 ,  2.61086381,  6.73093421,\n",
      "         3.02743311, 15.21238882, 11.82153281,  7.81287187,  5.62510975,\n",
      "         7.0730669 ,  9.97852397, 44.13917313, 20.30568646, 19.03071831,\n",
      "        32.5214588 ],\n",
      "       [ 1.50739926,  0.8157546 ,  0.        ,  5.09121179,  2.1655464 ,\n",
      "         2.31339211,  6.17920845,  3.54266646, 20.13849021, 17.02038417,\n",
      "         8.7785877 , 14.74066647,  8.11098067,  9.88190464, 18.73494073,\n",
      "        40.46731365],\n",
      "       [ 3.32377391,  2.61086381,  5.09121179,  0.        ,  1.69089271,\n",
      "         1.77045154,  2.37657061,  6.53196065, 25.58122319, 21.07077289,\n",
      "         6.51444131, 12.63069406, 13.98081974, 24.61277202, 27.46030705,\n",
      "         8.58842594],\n",
      "       [ 4.88337154,  6.73093421,  2.1655464 ,  1.69089271,  0.        ,\n",
      "         0.91083192,  3.72387393,  3.44909349,  4.13857425, 13.31068894,\n",
      "         6.25893794,  5.02480476, 15.44168527, 14.33321062,  8.06501059,\n",
      "        44.75578002],\n",
      "       [ 3.49984451,  3.02743311,  2.31339211,  1.77045154,  0.91083192,\n",
      "         0.        ,  0.98249099,  1.84440188, 26.17415724,  8.88861883,\n",
      "         9.44208117,  3.78540555,  9.42881397, 40.36585474, 11.26941653,\n",
      "        11.06145962],\n",
      "       [ 6.92638566, 15.21238882,  6.17920845,  2.37657061,  3.72387393,\n",
      "         0.98249099,  0.        ,  1.72990609,  5.05859005,  2.14933708,\n",
      "         2.71871758,  6.72539866, 11.72071933, 11.70745643, 26.90915349,\n",
      "        11.7874044 ],\n",
      "       [ 6.24710798, 11.82153281,  3.54266646,  6.53196065,  3.44909349,\n",
      "         1.84440188,  1.72990609,  0.        ,  0.55478973,  3.23580842,\n",
      "         2.74209632,  4.27348675, 18.35648076,  9.50847506, 20.08250792,\n",
      "         6.42077901],\n",
      "       [ 7.59083795,  7.81287187, 20.13849021, 25.58122319,  4.13857425,\n",
      "        26.17415724,  5.05859005,  0.55478973,  0.        ,  1.2111705 ,\n",
      "         1.93529414,  3.40689141, 31.39941339, 11.39576988, 14.08390383,\n",
      "         4.79982928],\n",
      "       [ 6.30310363,  5.62510975, 17.02038417, 21.07077289, 13.31068894,\n",
      "         8.88861883,  2.14933708,  3.23580842,  1.2111705 ,  0.        ,\n",
      "         1.18218857,  1.76205279,  4.56318058,  3.41930792,  6.71530837,\n",
      "         8.46497835],\n",
      "       [13.72178156,  7.0730669 ,  8.7785877 ,  6.51444131,  6.25893794,\n",
      "         9.44208117,  2.71871758,  2.74209632,  1.93529414,  1.18218857,\n",
      "         0.        ,  1.07302726,  2.27140477,  6.89527584, 16.15334927,\n",
      "         4.90594441],\n",
      "       [ 6.3777156 ,  9.97852397, 14.74066647, 12.63069406,  5.02480476,\n",
      "         3.78540555,  6.72539866,  4.27348675,  3.40689141,  1.76205279,\n",
      "         1.07302726,  0.        ,  2.07394678, 17.80353699,  8.26769917,\n",
      "         9.37899294],\n",
      "       [19.67012453, 44.13917313,  8.11098067, 13.98081974, 15.44168527,\n",
      "         9.42881397, 11.72071933, 18.35648076, 31.39941339,  4.56318058,\n",
      "         2.27140477,  2.07394678,  0.        ,  5.53357355,  5.6848125 ,\n",
      "         4.70179298],\n",
      "       [11.15191608, 20.30568646,  9.88190464, 24.61277202, 14.33321062,\n",
      "        40.36585474, 11.70745643,  9.50847506, 11.39576988,  3.41930792,\n",
      "         6.89527584, 17.80353699,  5.53357355,  0.        ,  1.43267841,\n",
      "         1.82127807],\n",
      "       [12.92426837, 19.03071831, 18.73494073, 27.46030705,  8.06501059,\n",
      "        11.26941653, 26.90915349, 20.08250792, 14.08390383,  6.71530837,\n",
      "        16.15334927,  8.26769917,  5.6848125 ,  1.43267841,  0.        ,\n",
      "         1.3236942 ],\n",
      "       [26.20763844, 32.5214588 , 40.46731365,  8.58842594, 44.75578002,\n",
      "        11.06145962, 11.7874044 ,  6.42077901,  4.79982928,  8.46497835,\n",
      "         4.90594441,  9.37899294,  4.70179298,  1.82127807,  1.3236942 ,\n",
      "         0.        ]]), 'beta': 10, 'alpha': 0.6, 'T_e': 1, 'T_i': 1, 'P': 0.5, 'Q': 0.5, 'k': 1}\n"
     ]
    },
    {
     "name": "stderr",
     "output_type": "stream",
     "text": [
      "ld: warning: duplicate -rpath '/Users/kavya/anaconda3/lib' ignored\n"
     ]
    },
    {
     "name": "stdout",
     "output_type": "stream",
     "text": [
      "Using default integration parameters.\n",
      "Running line, p=10...\n",
      "Model parameters:\n",
      "{'mode': 'wilson_cowan', 'c_ee': 1, 'c_ei': -1, 'c_ie': 1, 'c_ii': -1, 'tau_1': 1.0, 'tau_2': 1.4, 'rho': array([[ 0.        ,  1.50534914,  2.62862445, 10.05535613,  6.36568019,\n",
      "         8.33373631,  7.59075601, 11.36129673, 11.45225937, 13.28149328,\n",
      "        12.65478459, 19.36399956, 13.74780498, 24.81486379, 19.64889588,\n",
      "        21.83730882],\n",
      "       [ 1.50534914,  0.        ,  0.89170249,  3.92773846,  4.10508003,\n",
      "         6.88011042, 10.94129646,  7.90279247, 17.35548198, 16.55978773,\n",
      "        14.37359124, 12.68093972, 14.76973668, 18.15223111, 35.87417015,\n",
      "        27.1060868 ],\n",
      "       [ 2.62862445,  0.89170249,  0.        ,  1.81356007,  4.44099416,\n",
      "         9.0338335 ,  6.2956834 ,  6.64889522, 11.15108714,  8.91187736,\n",
      "        20.61712351, 20.36926755, 15.84078081, 20.98958369, 16.37279777,\n",
      "        18.67123902],\n",
      "       [10.05535613,  3.92773846,  1.81356007,  0.        ,  1.86744085,\n",
      "         5.0039314 ,  5.80653859,  5.70297654,  6.74082039, 11.43361716,\n",
      "        21.11592056, 20.98252829, 13.15481955, 18.76915066, 20.49524272,\n",
      "        27.29675709],\n",
      "       [ 6.36568019,  4.10508003,  4.44099416,  1.86744085,  0.        ,\n",
      "         2.28811893,  2.55954713,  4.3384125 ,  8.07858123,  8.09942569,\n",
      "         9.23782448,  7.21335984, 18.79516804, 13.91201797, 12.81737918,\n",
      "        11.77729826],\n",
      "       [ 8.33373631,  6.88011042,  9.0338335 ,  5.0039314 ,  2.28811893,\n",
      "         0.        ,  2.05161605,  3.768525  ,  4.08142662, 11.09584152,\n",
      "         7.50616131,  5.55825776, 10.18548272, 28.88929867, 19.61436343,\n",
      "        20.32147812],\n",
      "       [ 7.59075601, 10.94129646,  6.2956834 ,  5.80653859,  2.55954713,\n",
      "         2.05161605,  0.        ,  1.19820697,  3.49060003,  9.00487142,\n",
      "         6.74706771,  7.95095805, 11.73144813, 16.10372508,  7.15826602,\n",
      "        11.52414574],\n",
      "       [11.36129673,  7.90279247,  6.64889522,  5.70297654,  4.3384125 ,\n",
      "         3.768525  ,  1.19820697,  0.        ,  1.24592145,  3.48832028,\n",
      "         6.1869167 ,  7.70436707, 12.89651676,  6.22154505, 12.05860218,\n",
      "         8.95108231],\n",
      "       [11.45225937, 17.35548198, 11.15108714,  6.74082039,  8.07858123,\n",
      "         4.08142662,  3.49060003,  1.24592145,  0.        ,  1.89768211,\n",
      "         2.89731817,  4.69132285, 10.67205739,  4.98378907, 11.28048087,\n",
      "        16.95233059],\n",
      "       [13.28149328, 16.55978773,  8.91187736, 11.43361716,  8.09942569,\n",
      "        11.09584152,  9.00487142,  3.48832028,  1.89768211,  0.        ,\n",
      "         1.35713157,  3.32098122,  4.47014488,  6.44152332, 17.45321712,\n",
      "        13.21679296],\n",
      "       [12.65478459, 14.37359124, 20.61712351, 21.11592056,  9.23782448,\n",
      "         7.50616131,  6.74706771,  6.1869167 ,  2.89731817,  1.35713157,\n",
      "         0.        ,  2.23022551,  2.50329668,  4.92459283,  5.68944858,\n",
      "         9.2275139 ],\n",
      "       [19.36399956, 12.68093972, 20.36926755, 20.98252829,  7.21335984,\n",
      "         5.55825776,  7.95095805,  7.70436707,  4.69132285,  3.32098122,\n",
      "         2.23022551,  0.        ,  1.40101598,  3.48588829,  5.34924923,\n",
      "         6.26825848],\n",
      "       [13.74780498, 14.76973668, 15.84078081, 13.15481955, 18.79516804,\n",
      "        10.18548272, 11.73144813, 12.89651676, 10.67205739,  4.47014488,\n",
      "         2.50329668,  1.40101598,  0.        ,  1.61042963,  1.6189768 ,\n",
      "         6.63184971],\n",
      "       [24.81486379, 18.15223111, 20.98958369, 18.76915066, 13.91201797,\n",
      "        28.88929867, 16.10372508,  6.22154505,  4.98378907,  6.44152332,\n",
      "         4.92459283,  3.48588829,  1.61042963,  0.        ,  2.76617454,\n",
      "         3.00051163],\n",
      "       [19.64889588, 35.87417015, 16.37279777, 20.49524272, 12.81737918,\n",
      "        19.61436343,  7.15826602, 12.05860218, 11.28048087, 17.45321712,\n",
      "         5.68944858,  5.34924923,  1.6189768 ,  2.76617454,  0.        ,\n",
      "         2.11622874],\n",
      "       [21.83730882, 27.1060868 , 18.67123902, 27.29675709, 11.77729826,\n",
      "        20.32147812, 11.52414574,  8.95108231, 16.95233059, 13.21679296,\n",
      "         9.2275139 ,  6.26825848,  6.63184971,  3.00051163,  2.11622874,\n",
      "         0.        ]]), 'beta': 10, 'alpha': 0.6, 'T_e': 1, 'T_i': 1, 'P': 0.5, 'Q': 0.5, 'k': 1}\n"
     ]
    },
    {
     "name": "stderr",
     "output_type": "stream",
     "text": [
      "ld: warning: duplicate -rpath '/Users/kavya/anaconda3/lib' ignored\n"
     ]
    },
    {
     "name": "stdout",
     "output_type": "stream",
     "text": [
      "Using default integration parameters.\n",
      "Running full, p=2.5...\n",
      "Model parameters:\n",
      "{'mode': 'wilson_cowan', 'c_ee': 1, 'c_ei': -1, 'c_ie': 1, 'c_ii': -1, 'tau_1': 1.0, 'tau_2': 1.4, 'rho': array([[ 0.        ,  5.40254285,  4.12137659,  6.05834803,  6.67580704,\n",
      "         3.82756649,  6.31247131,  4.88005786,  5.18852283,  3.82962224,\n",
      "         7.50333782,  3.17041754,  8.96333982,  4.6908348 ,  5.04803004,\n",
      "         9.55389861],\n",
      "       [ 5.40254285,  0.        ,  4.46070527,  7.13835629, 12.26868707,\n",
      "         4.13864869, 16.6368619 , 10.77374123,  6.10318677,  3.84489967,\n",
      "         4.29743439,  5.45645155, 21.94196442,  9.25295454,  8.00489846,\n",
      "        12.70240575],\n",
      "       [ 4.12137659,  4.46070527,  0.        , 27.8397392 ,  5.92081506,\n",
      "         4.21669311,  8.44727929,  3.87439825, 18.35353213, 13.29582582,\n",
      "         6.00037874,  8.95609329,  4.43524245,  4.9123802 ,  8.53719253,\n",
      "        17.0217819 ],\n",
      "       [ 6.05834803,  7.13835629, 27.8397392 ,  0.        ,  9.24613119,\n",
      "         4.84058719,  4.33185056,  8.92950875, 27.97662368, 19.20318272,\n",
      "         5.08889083,  8.63338737,  8.49442772, 13.45874385, 13.65075595,\n",
      "         3.91359903],\n",
      "       [ 6.67580704, 12.26868707,  5.92081506,  9.24613119,  0.        ,\n",
      "         4.98060662, 10.18143453,  6.28677199,  5.65763282, 14.55708871,\n",
      "         5.70418226,  3.92523037, 10.55476839,  8.70853239,  4.41010511,\n",
      "        22.24848504],\n",
      "       [ 3.82756649,  4.13864869,  4.21669311,  4.84058719,  4.98060662,\n",
      "         0.        ,  5.37245238,  5.04277463, 47.70846581, 12.15117541,\n",
      "        10.32622833,  3.44988932,  7.36551343, 27.59104595,  6.84704087,\n",
      "         6.04862189],\n",
      "       [ 6.31247131, 16.6368619 ,  8.44727929,  4.33185056, 10.18143453,\n",
      "         5.37245238,  0.        ,  9.45946395, 13.83067858,  3.91766481,\n",
      "         3.71661952,  7.35515835, 10.68186326,  9.14552221, 18.39306254,\n",
      "         7.16175851],\n",
      "       [ 4.88005786, 10.77374123,  3.87439825,  8.92950875,  6.28677199,\n",
      "         5.04277463,  9.45946395,  0.        ,  3.03369844,  8.8470158 ,\n",
      "         4.99810585,  5.8420648 , 20.0753635 ,  8.6656994 , 15.68786724,\n",
      "         4.38875901],\n",
      "       [ 5.18852283,  6.10318677, 18.35353213, 27.97662368,  5.65763282,\n",
      "        47.70846581, 13.83067858,  3.03369844,  0.        ,  6.62291653,\n",
      "         5.29128293,  6.20984893, 42.92452933, 12.46285852, 12.8355889 ,\n",
      "         3.74948611],\n",
      "       [ 3.82962224,  3.84489967, 13.29582582, 19.20318272, 14.55708871,\n",
      "        12.15117541,  3.91766481,  8.8470158 ,  6.62291653,  0.        ,\n",
      "         6.46443772,  4.81762418,  8.31745385,  4.67436067,  7.34412321,\n",
      "         7.71469214],\n",
      "       [ 7.50333782,  4.29743439,  6.00037874,  5.08889083,  5.70418226,\n",
      "        10.32622833,  3.71661952,  4.99810585,  5.29128293,  6.46443772,\n",
      "         0.        ,  5.86752238,  6.21024219, 12.56823777, 22.08241619,\n",
      "         5.3653322 ],\n",
      "       [ 3.17041754,  5.45645155,  8.95609329,  8.63338737,  3.92523037,\n",
      "         3.44988932,  7.35515835,  5.8420648 ,  6.20984893,  4.81762418,\n",
      "         5.86752238,  0.        , 11.34074556, 48.67660655, 15.06979726,\n",
      "        12.82154073],\n",
      "       [ 8.96333982, 21.94196442,  4.43524245,  8.49442772, 10.55476839,\n",
      "         7.36551343, 10.68186326, 20.0753635 , 42.92452933,  8.31745385,\n",
      "         6.21024219, 11.34074556,  0.        , 30.25865959, 15.54283183,\n",
      "         8.57010705],\n",
      "       [ 4.6908348 ,  9.25295454,  4.9123802 , 13.45874385,  8.70853239,\n",
      "        27.59104595,  9.14552221,  8.6656994 , 12.46285852,  4.67436067,\n",
      "        12.56823777, 48.67660655, 30.25865959,  0.        ,  7.83416502,\n",
      "         4.97955187],\n",
      "       [ 5.04803004,  8.00489846,  8.53719253, 13.65075595,  4.41010511,\n",
      "         6.84704087, 18.39306254, 15.68786724, 12.8355889 ,  7.34412321,\n",
      "        22.08241619, 15.06979726, 15.54283183,  7.83416502,  0.        ,\n",
      "         7.23821811],\n",
      "       [ 9.55389861, 12.70240575, 17.0217819 ,  3.91359903, 22.24848504,\n",
      "         6.04862189,  7.16175851,  4.38875901,  3.74948611,  7.71469214,\n",
      "         5.3653322 , 12.82154073,  8.57010705,  4.97955187,  7.23821811,\n",
      "         0.        ]]), 'beta': 10, 'alpha': 0.6, 'T_e': 1, 'T_i': 1, 'P': 0.5, 'Q': 0.5, 'k': 1}\n"
     ]
    },
    {
     "name": "stderr",
     "output_type": "stream",
     "text": [
      "ld: warning: duplicate -rpath '/Users/kavya/anaconda3/lib' ignored\n"
     ]
    },
    {
     "name": "stdout",
     "output_type": "stream",
     "text": [
      "Using default integration parameters.\n",
      "Running full, p=10...\n",
      "Model parameters:\n",
      "{'mode': 'wilson_cowan', 'c_ee': 1, 'c_ei': -1, 'c_ie': 1, 'c_ii': -1, 'tau_1': 1.0, 'tau_2': 1.4, 'rho': array([[ 0.        ,  8.44843762,  7.37628538, 18.8111508 ,  8.93149146,\n",
      "         9.35424873,  7.10023862,  9.10896484,  8.03415769,  8.28215893,\n",
      "         7.10221671,  9.8796496 ,  6.42970844, 10.71291616,  7.87679021,\n",
      "         8.17046962],\n",
      "       [ 8.44843762,  0.        ,  5.00448211, 11.02177975,  7.67961657,\n",
      "         9.65327281, 12.28111913,  7.39211117, 13.9148267 , 11.61726621,\n",
      "         8.9631764 ,  7.1168957 ,  7.53562417,  8.4896137 , 15.48737001,\n",
      "        10.86620645],\n",
      "       [ 7.37628538,  5.00448211,  0.        , 10.17820299, 12.46204656,\n",
      "        16.90012786,  8.83328111,  7.46308946, 10.43049987,  7.14513311,\n",
      "        14.46362817, 12.70199877,  8.89028631, 10.70903413,  7.65739084,\n",
      "         8.06062931],\n",
      "       [18.8111508 , 11.02177975, 10.17820299,  0.        , 10.48059688,\n",
      "        14.04172664, 10.86263594,  8.00167221,  7.56627137, 10.6947727 ,\n",
      "        16.92977329, 14.71997232,  8.20316692, 10.53376883, 10.45681786,\n",
      "        12.76641541],\n",
      "       [ 8.93149146,  7.67961657, 12.46204656, 10.48059688,  0.        ,\n",
      "        12.84155919,  7.1824448 ,  8.11612544, 11.33481061,  9.09124546,\n",
      "         8.64087293,  5.78333994, 13.18546313,  8.67534557,  7.19346931,\n",
      "         6.00886091],\n",
      "       [ 9.35424873,  9.65327281, 16.90012786, 14.04172664, 12.84155919,\n",
      "         0.        , 11.51423927, 10.57500467,  7.63536672, 15.56823637,\n",
      "         8.42533256,  5.19908114,  8.16625128, 20.26684634, 12.2312508 ,\n",
      "        11.40497813],\n",
      "       [ 7.10023862, 12.28111913,  8.83328111, 10.86263594,  7.1824448 ,\n",
      "        11.51423927,  0.        ,  6.72467044,  9.7951086 , 16.84594678,\n",
      "         9.46660465,  8.92459713, 10.97335772, 12.91122563,  5.02177222,\n",
      "         7.18630086],\n",
      "       [ 9.10896484,  7.39211117,  7.46308946,  8.00167221,  8.11612544,\n",
      "        10.57500467,  6.72467044,  0.        ,  6.99245734,  9.78871131,\n",
      "        11.57423183, 10.80976214, 14.47576704,  5.81950657,  9.66803225,\n",
      "         6.27949511],\n",
      "       [ 8.03415769, 13.9148267 , 10.43049987,  7.56627137, 11.33481061,\n",
      "         7.63536672,  9.7951086 ,  6.99245734,  0.        , 10.65031923,\n",
      "         8.13027729,  8.77633576, 14.9736378 ,  5.59408179, 10.55153214,\n",
      "        13.59159847],\n",
      "       [ 8.28215893, 11.61726621,  7.14513311, 10.6947727 ,  9.09124546,\n",
      "        15.56823637, 16.84594678,  9.78871131, 10.65031923,  0.        ,\n",
      "         7.61659942,  9.31913464,  8.36256501,  9.03790464, 19.59046073,\n",
      "        12.36271904],\n",
      "       [ 7.10221671,  8.9631764 , 14.46362817, 16.92977329,  8.64087293,\n",
      "         8.42533256,  9.46660465, 11.57423183,  8.13027729,  7.61659942,\n",
      "         0.        , 12.51664518,  7.02459825,  9.21272773,  7.98269155,\n",
      "        10.35747435],\n",
      "       [ 9.8796496 ,  7.1168957 , 12.70199877, 14.71997232,  5.78333994,\n",
      "         5.19908114,  8.92459713, 10.80976214,  8.77633576,  9.31913464,\n",
      "        12.51664518,  0.        ,  7.86289094,  9.78188679, 10.00715764,\n",
      "         8.79480203],\n",
      "       [ 6.42970844,  7.53562417,  8.89028631,  8.20316692, 13.18546313,\n",
      "         8.16625128, 10.97335772, 14.47576704, 14.9736378 ,  8.36256501,\n",
      "         7.02459825,  7.86289094,  0.        ,  9.0381785 ,  4.5430738 ,\n",
      "        12.40659439],\n",
      "       [10.71291616,  8.4896137 , 10.70903413, 10.53376883,  8.67534557,\n",
      "        20.26684634, 12.91122563,  5.81950657,  5.59408179,  9.03790464,\n",
      "         9.21272773,  9.78188679,  9.0381785 ,  0.        , 15.52454004,\n",
      "         8.41985245],\n",
      "       [ 7.87679021, 15.48737001,  7.65739084, 10.45681786,  7.19346931,\n",
      "        12.2312508 ,  5.02177222,  9.66803225, 10.55153214, 19.59046073,\n",
      "         7.98269155, 10.00715764,  4.5430738 , 15.52454004,  0.        ,\n",
      "        11.87686365],\n",
      "       [ 8.17046962, 10.86620645,  8.06062931, 12.76641541,  6.00886091,\n",
      "        11.40497813,  7.18630086,  6.27949511, 13.59159847, 12.36271904,\n",
      "        10.35747435,  8.79480203, 12.40659439,  8.41985245, 11.87686365,\n",
      "         0.        ]]), 'beta': 10, 'alpha': 0.6, 'T_e': 1, 'T_i': 1, 'P': 0.5, 'Q': 0.5, 'k': 1}\n"
     ]
    },
    {
     "name": "stderr",
     "output_type": "stream",
     "text": [
      "ld: warning: duplicate -rpath '/Users/kavya/anaconda3/lib' ignored\n"
     ]
    },
    {
     "name": "stdout",
     "output_type": "stream",
     "text": [
      "Using default integration parameters.\n",
      "Running ring, p=2.5...\n",
      "Model parameters:\n",
      "{'mode': 'wilson_cowan', 'c_ee': 1, 'c_ei': -1, 'c_ie': 1, 'c_ii': -1, 'tau_1': 1.0, 'tau_2': 1.4, 'rho': array([[ 0.        ,  3.0671226 ,  2.33978103,  3.43943522,  7.57995604,\n",
      "         4.34595931,  7.16741134,  8.31149489,  8.83685853,  6.52244022,\n",
      "         8.51956482,  3.5998083 , 10.17730462,  2.6630729 ,  2.86585918,\n",
      "         5.42392336],\n",
      "       [ 3.0671226 ,  0.        ,  2.53242415,  4.05257571,  6.96515853,\n",
      "         4.69917345, 18.89010288, 12.23290074, 10.39467299,  6.54846006,\n",
      "         7.31919682,  6.19545512, 24.91371077, 10.50614378,  4.54452758,\n",
      "         7.21138857],\n",
      "       [ 2.33978103,  2.53242415,  0.        , 15.80513023,  3.36135524,\n",
      "         2.39389397,  9.59135057,  4.39913381, 20.83927319, 22.64485206,\n",
      "        10.21957498, 15.25361497,  5.03593686,  5.57769656,  9.69344137,\n",
      "         9.66357759],\n",
      "       [ 3.43943522,  4.05257571, 15.80513023,  0.        ,  5.24919815,\n",
      "         2.74809007,  2.45927097, 10.13889158, 31.76568411, 21.80399762,\n",
      "         8.66716981, 14.70399676, 14.46732695, 15.28155114, 15.49956873,\n",
      "         4.44364381],\n",
      "       [ 7.57995604,  6.96515853,  3.36135524,  5.24919815,  0.        ,\n",
      "         2.82758167,  5.780187  ,  3.56911569,  6.4238837 , 16.52865216,\n",
      "         6.47673764,  6.68527568, 17.97640644, 14.83198039,  5.00739501,\n",
      "        25.26174551],\n",
      "       [ 4.34595931,  4.69917345,  2.39389397,  2.74809007,  2.82758167,\n",
      "         0.        ,  3.05003969,  2.86287559, 27.08497051, 13.79689001,\n",
      "        11.72477819,  3.91713081, 12.54461093, 46.99182755, 11.66157182,\n",
      "         6.86782703],\n",
      "       [ 7.16741134, 18.89010288,  9.59135057,  2.45927097,  5.780187  ,\n",
      "         3.05003969,  0.        ,  5.37031107,  7.85192974,  2.22413012,\n",
      "         4.21998605,  8.35131643, 12.12857913, 15.57624176, 31.32623621,\n",
      "        12.19758472],\n",
      "       [ 8.31149489, 12.23290074,  4.39913381, 10.13889158,  3.56911569,\n",
      "         2.86287559,  5.37031107,  0.        ,  1.72228621,  5.02261303,\n",
      "         2.83751631,  6.63329453, 22.79430366,  9.83935277, 26.71886934,\n",
      "         7.4747368 ],\n",
      "       [ 8.83685853, 10.39467299, 20.83927319, 31.76568411,  6.4238837 ,\n",
      "        27.08497051,  7.85192974,  1.72228621,  0.        ,  3.75995111,\n",
      "         3.00395831,  3.52544506, 48.73808416, 14.15078644, 14.57399818,\n",
      "         6.38595598],\n",
      "       [ 6.52244022,  6.54846006, 22.64485206, 21.80399762, 16.52865216,\n",
      "        13.79689001,  2.22413012,  5.02261303,  3.75995111,  0.        ,\n",
      "         3.66997978,  2.73505355,  4.721971  ,  5.30744047,  8.33878672,\n",
      "         8.75954427],\n",
      "       [ 8.51956482,  7.31919682, 10.21957498,  8.66716981,  6.47673764,\n",
      "        11.72477819,  4.21998605,  2.83751631,  3.00395831,  3.66997978,\n",
      "         0.        ,  3.3311    ,  3.52566832,  7.13521895, 25.07318486,\n",
      "         6.09199487],\n",
      "       [ 3.5998083 ,  6.19545512, 15.25361497, 14.70399676,  6.68527568,\n",
      "         3.91713081,  8.35131643,  6.63329453,  3.52544506,  2.73505355,\n",
      "         3.3311    ,  0.        ,  6.43834913, 27.63460175,  8.55540012,\n",
      "        14.55804737],\n",
      "       [10.17730462, 24.91371077,  5.03593686, 14.46732695, 17.97640644,\n",
      "        12.54461093, 12.12857913, 22.79430366, 48.73808416,  4.721971  ,\n",
      "         3.52566832,  6.43834913,  0.        , 17.17839567,  8.82395052,\n",
      "         4.86540686],\n",
      "       [ 2.6630729 , 10.50614378,  5.57769656, 15.28155114, 14.83198039,\n",
      "        46.99182755, 15.57624176,  9.83935277, 14.15078644,  5.30744047,\n",
      "         7.13521895, 27.63460175, 17.17839567,  0.        ,  4.44759908,\n",
      "         2.82698287],\n",
      "       [ 2.86585918,  4.54452758,  9.69344137, 15.49956873,  5.00739501,\n",
      "        11.66157182, 31.32623621, 26.71886934, 14.57399818,  8.33878672,\n",
      "        25.07318486,  8.55540012,  8.82395052,  4.44759908,  0.        ,\n",
      "         4.10926909],\n",
      "       [ 5.42392336,  7.21138857,  9.66357759,  4.44364381, 25.26174551,\n",
      "         6.86782703, 12.19758472,  7.4747368 ,  6.38595598,  8.75954427,\n",
      "         6.09199487, 14.55804737,  4.86540686,  2.82698287,  4.10926909,\n",
      "         0.        ]]), 'beta': 10, 'alpha': 0.6, 'T_e': 1, 'T_i': 1, 'P': 0.5, 'Q': 0.5, 'k': 1}\n"
     ]
    },
    {
     "name": "stderr",
     "output_type": "stream",
     "text": [
      "ld: warning: duplicate -rpath '/Users/kavya/anaconda3/lib' ignored\n"
     ]
    },
    {
     "name": "stdout",
     "output_type": "stream",
     "text": [
      "Using default integration parameters.\n",
      "Running ring, p=10...\n",
      "Model parameters:\n",
      "{'mode': 'wilson_cowan', 'c_ee': 1, 'c_ei': -1, 'c_ie': 1, 'c_ii': -1, 'tau_1': 1.0, 'tau_2': 1.4, 'rho': array([[ 0.        ,  4.66774488,  4.07538291, 10.39312318,  9.86926232,\n",
      "        10.33640741,  7.84573527, 15.09805455, 13.31656814, 13.72762871,\n",
      "         7.84792104, 10.91697327,  7.10480209,  5.91886475,  4.35191083,\n",
      "         4.51416812],\n",
      "       [ 4.66774488,  0.        ,  2.76496635,  6.08951126,  4.24297279,\n",
      "        10.66682782, 13.57058749,  8.16825327, 23.06374173, 19.25554901,\n",
      "        14.85641108,  7.86414126,  8.32683455,  9.38098917,  8.55674094,\n",
      "         6.00355732],\n",
      "       [ 4.07538291,  2.76496635,  0.        ,  5.62343679,  6.88525579,\n",
      "         9.33728683,  9.76074028,  8.24668398, 11.52566062, 11.84301525,\n",
      "        23.97337687, 21.05348671,  9.8237308 , 11.83343986,  8.46138624,\n",
      "         4.45348156],\n",
      "       [10.39312318,  6.08951126,  5.62343679,  0.        ,  5.79050881,\n",
      "         7.75802587,  6.00158462,  8.84181577,  8.36069959, 11.81768104,\n",
      "        28.0609976 , 24.39826576, 13.59669993, 11.6397724 , 11.55474189,\n",
      "        14.10683794],\n",
      "       [ 9.86926232,  4.24297279,  6.88525579,  5.79050881,  0.        ,\n",
      "         7.09493576,  3.96828638,  4.48414306, 12.52492036, 10.04578986,\n",
      "         9.54813001,  9.58585123, 21.854826  , 14.37933321,  7.9487548 ,\n",
      "         6.63976726],\n",
      "       [10.33640741, 10.66682782,  9.33728683,  7.75802587,  7.09493576,\n",
      "         0.        ,  6.36159416,  5.84266892,  4.21852484, 17.20283889,\n",
      "         9.30995876,  5.74496386, 13.53551248, 33.59217616, 20.27322478,\n",
      "        12.6024552 ],\n",
      "       [ 7.84573527, 13.57058749,  9.76074028,  6.00158462,  3.96828638,\n",
      "         6.36159416,  0.        ,  3.71536697,  5.4117779 ,  9.30735189,\n",
      "        10.46056026,  9.86164412, 12.12551637, 21.40027898,  8.32355731,\n",
      "        11.91125054],\n",
      "       [15.09805455,  8.16825327,  8.24668398,  8.84181577,  4.48414306,\n",
      "         5.84266892,  3.71536697,  0.        ,  3.86331869,  5.40824341,\n",
      "         6.39473993, 11.94474391, 15.99566465,  6.43053147, 16.02470543,\n",
      "        10.40822546],\n",
      "       [13.31656814, 23.06374173, 11.52566062,  8.36069959, 12.52492036,\n",
      "         4.21852484,  5.4117779 ,  3.86331869,  0.        ,  5.88428006,\n",
      "         4.49196194,  4.84890795, 16.54580985,  6.18143799, 11.65940079,\n",
      "        22.52799287],\n",
      "       [13.72762871, 19.25554901, 11.84301525, 11.81768104, 10.04578986,\n",
      "        17.20283889,  9.30735189,  5.40824341,  5.88428006,  0.        ,\n",
      "         4.20815594,  5.14880324,  4.62030043,  9.98684846, 21.64738072,\n",
      "        13.66075507],\n",
      "       [ 7.84792104, 14.85641108, 23.97337687, 28.0609976 ,  9.54813001,\n",
      "         9.30995876, 10.46056026,  6.39473993,  4.49196194,  4.20815594,\n",
      "         0.        ,  6.91542142,  3.88107648,  5.09001364,  8.82084222,\n",
      "        11.44496771],\n",
      "       [10.91697327,  7.86414126, 21.05348671, 24.39826576,  9.58585123,\n",
      "         5.74496386,  9.86164412, 11.94474391,  4.84890795,  5.14880324,\n",
      "         6.91542142,  0.        ,  4.34423151,  5.40447288,  5.52893458,\n",
      "         9.71822105],\n",
      "       [ 7.10480209,  8.32683455,  9.8237308 , 13.59669993, 21.854826  ,\n",
      "        13.53551248, 12.12551637, 15.99566465, 16.54580985,  4.62030043,\n",
      "         3.88107648,  4.34423151,  0.        ,  4.99357554,  2.51003918,\n",
      "         6.85461858],\n",
      "       [ 5.91886475,  9.38098917, 11.83343986, 11.6397724 , 14.37933321,\n",
      "        33.59217616, 21.40027898,  6.43053147,  6.18143799,  9.98684846,\n",
      "         5.09001364,  5.40447288,  4.99357554,  0.        ,  8.57727731,\n",
      "         4.65195163],\n",
      "       [ 4.35191083,  8.55674094,  8.46138624, 11.55474189,  7.9487548 ,\n",
      "        20.27322478,  8.32355731, 16.02470543, 11.65940079, 21.64738072,\n",
      "         8.82084222,  5.52893458,  2.51003918,  8.57727731,  0.        ,\n",
      "         6.5619434 ],\n",
      "       [ 4.51416812,  6.00355732,  4.45348156, 14.10683794,  6.63976726,\n",
      "        12.6024552 , 11.91125054, 10.40822546, 22.52799287, 13.66075507,\n",
      "        11.44496771,  9.71822105,  6.85461858,  4.65195163,  6.5619434 ,\n",
      "         0.        ]]), 'beta': 10, 'alpha': 0.6, 'T_e': 1, 'T_i': 1, 'P': 0.5, 'Q': 0.5, 'k': 1}\n"
     ]
    },
    {
     "name": "stderr",
     "output_type": "stream",
     "text": [
      "ld: warning: duplicate -rpath '/Users/kavya/anaconda3/lib' ignored\n"
     ]
    },
    {
     "name": "stdout",
     "output_type": "stream",
     "text": [
      "Using default integration parameters.\n",
      "Running lattice, p=2.5...\n",
      "Model parameters:\n",
      "{'mode': 'wilson_cowan', 'c_ee': 1, 'c_ei': -1, 'c_ie': 1, 'c_ii': -1, 'tau_1': 1.0, 'tau_2': 1.4, 'rho': array([[ 0.        ,  2.02436337,  3.08860624,  6.81029182,  2.50146266,\n",
      "         2.86842163,  7.09595612,  7.31434114,  3.8883377 ,  4.30494334,\n",
      "        11.24617249,  5.93986693, 10.07584239,  7.03072933,  9.45762704,\n",
      "        21.47939909],\n",
      "       [ 2.02436337,  0.        ,  1.6714515 ,  5.34956496,  9.19429288,\n",
      "         1.55077508, 12.46785251, 12.11094533,  6.86069581,  2.88141131,\n",
      "         4.83081892,  8.17825304, 32.88711271, 10.40140321, 11.99792292,\n",
      "        23.79831641],\n",
      "       [ 3.08860624,  1.6714515 ,  0.        , 10.43170775,  6.65568868,\n",
      "         3.16003751,  3.16524333,  2.90351788, 27.5086892 , 14.94606341,\n",
      "         4.49675171, 10.06769644,  8.30955216,  7.36278658,  9.59680299,\n",
      "        25.51263183],\n",
      "       [ 6.81029182,  5.34956496, 10.43170775,  0.        , 13.85831062,\n",
      "         5.4413862 ,  3.24633782,  3.34593744, 52.41499567, 28.78216472,\n",
      "         5.72050854,  6.46995816, 19.09746069, 25.21533722, 20.46006187,\n",
      "         4.39934308],\n",
      "       [ 2.50146266,  9.19429288,  6.65568868, 13.85831062,  0.        ,\n",
      "         1.86626147,  7.63008221,  7.06706707,  2.11994702, 10.90924695,\n",
      "         6.41216807,  5.88322408,  7.90986283,  9.78940904,  6.60996531,\n",
      "        41.68316593],\n",
      "       [ 2.86842163,  1.55077508,  3.16003751,  5.4413862 ,  1.86626147,\n",
      "         0.        ,  2.01308829,  3.77911236, 35.75326398,  4.55311415,\n",
      "         7.73859232,  3.87807913,  8.27969863, 20.67704196,  7.69687483,\n",
      "         9.06581134],\n",
      "       [ 7.09595612, 12.46785251,  3.16524333,  3.24633782,  7.63008221,\n",
      "         2.01308829,  0.        ,  3.54451465, 15.54730048,  2.93594233,\n",
      "         1.39263835,  5.51203888, 16.01021833, 10.2806367 , 13.78396914,\n",
      "         8.05065426],\n",
      "       [ 7.31434114, 12.11094533,  2.90351788,  3.34593744,  7.06706707,\n",
      "         3.77911236,  3.54451465,  0.        ,  4.54697586,  9.94508059,\n",
      "         3.74563707,  2.18905472, 37.61176127, 12.98834632, 17.63499776,\n",
      "         3.28898565],\n",
      "       [ 3.8883377 ,  6.86069581, 27.5086892 , 52.41499567,  2.11994702,\n",
      "        35.75326398, 15.54730048,  4.54697586,  0.        ,  2.48164428,\n",
      "         3.96534729,  6.98059655, 16.08406393,  9.33980716, 14.42870329,\n",
      "         5.61981462],\n",
      "       [ 4.30494334,  2.88141131, 14.94606341, 28.78216472, 10.90924695,\n",
      "         4.55311415,  2.93594233,  9.94508059,  2.48164428,  0.        ,\n",
      "         2.42226138,  3.61038206,  6.233194  ,  1.75150938,  5.50376901,\n",
      "         8.67221634],\n",
      "       [11.24617249,  4.83081892,  4.49675171,  5.72050854,  6.41216807,\n",
      "         7.73859232,  1.39263835,  3.74563707,  3.96534729,  2.42226138,\n",
      "         0.        ,  2.19859382,  6.98103862,  9.41877956,  8.27440625,\n",
      "         4.02084065],\n",
      "       [ 5.93986693,  8.17825304, 10.06769644,  6.46995816,  5.88322408,\n",
      "         3.87807913,  5.51203888,  2.18905472,  6.98059655,  3.61038206,\n",
      "         2.19859382,  0.        , 16.99776604, 54.7181994 , 11.29347654,\n",
      "         4.80430383],\n",
      "       [10.07584239, 32.88711271,  8.30955216, 19.09746069,  7.90986283,\n",
      "         8.27969863, 16.01021833, 37.61176127, 16.08406393,  6.233194  ,\n",
      "         6.98103862, 16.99776604,  0.        , 11.3380909 , 11.647974  ,\n",
      "         9.63380275],\n",
      "       [ 7.03072933, 10.40140321,  7.36278658, 25.21533722,  9.78940904,\n",
      "        20.67704196, 10.2806367 , 12.98834632,  9.33980716,  1.75150938,\n",
      "         9.41877956, 54.7181994 , 11.3380909 ,  0.        ,  2.93550594,\n",
      "         3.73173251],\n",
      "       [ 9.45762704, 11.99792292,  9.59680299, 20.46006187,  6.60996531,\n",
      "         7.69687483, 13.78396914, 17.63499776, 14.42870329,  5.50376901,\n",
      "         8.27440625, 11.29347654, 11.647974  ,  2.93550594,  0.        ,\n",
      "         2.71220127],\n",
      "       [21.47939909, 23.79831641, 25.51263183,  4.39934308, 41.68316593,\n",
      "         9.06581134,  8.05065426,  3.28898565,  5.61981462,  8.67221634,\n",
      "         4.02084065,  4.80430383,  9.63380275,  3.73173251,  2.71220127,\n",
      "         0.        ]]), 'beta': 10, 'alpha': 0.6, 'T_e': 1, 'T_i': 1, 'P': 0.5, 'Q': 0.5, 'k': 1}\n"
     ]
    },
    {
     "name": "stderr",
     "output_type": "stream",
     "text": [
      "ld: warning: duplicate -rpath '/Users/kavya/anaconda3/lib' ignored\n"
     ]
    },
    {
     "name": "stdout",
     "output_type": "stream",
     "text": [
      "Using default integration parameters.\n",
      "Running lattice, p=10...\n",
      "Model parameters:\n",
      "{'mode': 'wilson_cowan', 'c_ee': 1, 'c_ei': -1, 'c_ie': 1, 'c_ii': -1, 'tau_1': 1.0, 'tau_2': 1.4, 'rho': array([[ 0.        ,  3.22063044,  5.62383017, 21.51300659,  3.40477547,\n",
      "         7.1318697 ,  8.12004975, 13.88972054,  6.12540541,  9.47172991,\n",
      "        10.82974927, 18.83111505,  7.35321095, 16.33549084, 15.0135631 ,\n",
      "        18.68799722],\n",
      "       [ 3.22063044,  0.        ,  1.90775953,  8.40322931,  5.85509604,\n",
      "         3.67992587,  9.36337529,  8.45384411, 15.91342081,  8.85724031,\n",
      "        10.25056229, 10.85213238, 11.49062661,  9.70898152, 23.61577249,\n",
      "        20.71154262],\n",
      "       [ 5.62383017,  1.90775953,  0.        ,  3.8800346 , 14.25197707,\n",
      "        12.8850016 ,  3.36733669,  5.69001136, 15.90485097,  8.17139246,\n",
      "        11.02736462, 14.52639374, 16.94533826, 16.32957135,  8.75722604,\n",
      "        12.29117582],\n",
      "       [21.51300659,  8.40322931,  3.8800346 ,  0.        , 15.98124093,\n",
      "        16.05854746,  8.28189483,  3.05031891, 14.4216984 , 16.30782494,\n",
      "        19.36140581, 11.22280662, 18.76278447, 20.07789961, 15.94498172,\n",
      "        14.60006258],\n",
      "       [ 3.40477547,  5.85509604, 14.25197707, 15.98124093,  0.        ,\n",
      "         4.8953331 ,  5.47604217,  9.28184894,  4.3209452 ,  6.93135066,\n",
      "         9.8819662 ,  8.81867225, 10.05286557,  9.92139017, 10.96889495,\n",
      "        11.45319478],\n",
      "       [ 7.1318697 ,  3.67992587, 12.8850016 , 16.05854746,  4.8953331 ,\n",
