{
 "cells": [
  {
   "cell_type": "markdown",
   "metadata": {
    "_sphinx_cell_id": "5ef944ae-d588-4e89-a5ca-da99c1ef1ef1"
   },
   "source": [
    "## MS Disease Progression: A Network Delay Perspective\n",
    "\n",
    "This notebook models the progressive neural network changes associated with Multiple Sclerosis (MS) \n",
    "using the Wilson-Cowan metapopulation DDE framework (Conti & Van Gorder, 2019), extended with \n",
    "heterogeneous delay structure (Atay & Hutt, 2006).\n",
    "\n",
    "MS is a demyelinating disease of the central nervous system characterised by progressive degradation \n",
    "of the myelin sheath surrounding axons. This has direct consequences for neural signal transmission:\n",
    "\n",
    "- **Demyelination** reduces and destabilises axonal conduction velocity\n",
    "- **Axonal loss** in advanced stages permanently disrupts network connectivity\n",
    "\n",
    "We model these effects through three mechanisms already present in our delay framework:\n",
    "1. Reduced mean conduction velocity (vm)\n",
    "2. Increased heterogeneity in conduction velocities (lower shape parameter p)\n",
    "3. Random edge removal to simulate axonal loss (stage 3 only)\n",
    "\n",
    "We track how these progressive changes affect oscillatory dynamics across four network topologies, \n",
    "asking: does network architecture determine vulnerability to MS-related dynamic disruption?\n",
    "\n",
    "### References\n",
    "- Compston & Coles (2008) - Multiple sclerosis. Lancet.\n",
    "- Waxman (2006) - Ions, energy and axonal injury. Trends in Neurosciences.\n",
    "- Bjartmar & Trapp (2001) - Axonal and neuronal degeneration in MS. Current Opinion in Neurology.\n",
    "- Atay & Hutt (2006) - Neural fields with distributed transmission speeds. SIAM Journal.\n",
    "- Conti & Van Gorder (2019) - Network structure and time delay in Wilson-Cowan model. JTB."
   ]
  },
  {
   "cell_type": "code",
   "execution_count": 25,
   "metadata": {
    "_sphinx_cell_id": "47a3b255-85a0-453f-8667-4110578f7c97"
   },
   "outputs": [],
   "source": [
    "import os\n",
    "import sys\n",
    "import numpy as np\n",
    "import matplotlib.pyplot as plt\n",
    "import pandas as pd\n",
    "import networkx as nx\n",
    "\n",
    "sys.path.append(os.path.abspath(\"..\"))\n",
    "\n",
    "from src.metapopulation import Metapopulation\n",
    "from src.delays import heterogeneous_delay_matrix\n",
    "from src.ms_progression import remove_edges, get_stage_params, MS_STAGES, REMOVAL_RATES\n",
    "\n",
    "CONFIG = os.path.join(os.path.dirname(os.path.abspath(\"__file__\")), \"distance_delays.yaml\")\n",
    "TOPOLOGIES = ['line', 'full', 'ring', 'lattice']\n",
    "N = 16\n",
    "SEED = 42"
   ]
  },
  {
   "cell_type": "code",
   "execution_count": 26,
   "metadata": {
    "_sphinx_cell_id": "bcbf5a28-8350-45cc-a660-fbd676c99508"
   },
   "outputs": [
    {
     "data": {
      "text/html": [
       "<div>\n",
       "<style scoped>\n",
       "    .dataframe tbody tr th:only-of-type {\n",
       "        vertical-align: middle;\n",
       "    }\n",
       "\n",
       "    .dataframe tbody tr th {\n",
       "        vertical-align: top;\n",
       "    }\n",
       "\n",
       "    .dataframe thead th {\n",
       "        text-align: right;\n",
       "    }\n",
       "</style>\n",
       "<table border=\"1\" class=\"dataframe\">\n",
       "  <thead>\n",
       "    <tr style=\"text-align: right;\">\n",
       "      <th></th>\n",
       "      <th>Stage</th>\n",
       "      <th>Description</th>\n",
       "      <th>vm (m/s)</th>\n",
       "      <th>p (shape)</th>\n",
       "      <th>Axonal Loss</th>\n",
       "    </tr>\n",
       "  </thead>\n",
       "  <tbody>\n",
       "    <tr>\n",
       "      <th>0</th>\n",
       "      <td>0</td>\n",
       "      <td>Healthy baseline</td>\n",
       "      <td>6.0</td>\n",
       "      <td>10.00</td>\n",
       "      <td>No</td>\n",
       "    </tr>\n",
       "    <tr>\n",
       "      <th>1</th>\n",
       "      <td>1</td>\n",
       "      <td>Early progressive MS: focal demyelination</td>\n",
       "      <td>4.0</td>\n",
       "      <td>4.50</td>\n",
       "      <td>No</td>\n",
       "    </tr>\n",
       "    <tr>\n",
       "      <th>2</th>\n",
       "      <td>2</td>\n",
       "      <td>Moderate progressive MS: widespread demyelination</td>\n",
       "      <td>2.0</td>\n",
       "      <td>2.50</td>\n",
       "      <td>No</td>\n",
       "    </tr>\n",
       "    <tr>\n",
       "      <th>3</th>\n",
       "      <td>3</td>\n",
       "      <td>Severe progressive MS: axonal loss</td>\n",
       "      <td>1.5</td>\n",
       "      <td>2.01</td>\n",
       "      <td>Yes</td>\n",
       "    </tr>\n",
       "  </tbody>\n",
       "</table>\n",
       "</div>"
      ],
      "text/plain": [
       "   Stage                                        Description  vm (m/s)  \\\n",
       "0      0                                   Healthy baseline       6.0   \n",
       "1      1          Early progressive MS: focal demyelination       4.0   \n",
       "2      2  Moderate progressive MS: widespread demyelination       2.0   \n",
       "3      3                 Severe progressive MS: axonal loss       1.5   \n",
       "\n",
       "   p (shape) Axonal Loss  \n",
       "0      10.00          No  \n",
       "1       4.50          No  \n",
       "2       2.50          No  \n",
       "3       2.01         Yes  "
      ]
     },
     "metadata": {},
     "output_type": "display_data"
    },
    {
     "name": "stdout",
     "output_type": "stream",
     "text": [
      "\n",
      "Edge removal rates for stage 3:\n"
     ]
    },
    {
     "data": {
      "text/html": [
       "<div>\n",
       "<style scoped>\n",
       "    .dataframe tbody tr th:only-of-type {\n",
       "        vertical-align: middle;\n",
       "    }\n",
       "\n",
       "    .dataframe tbody tr th {\n",
       "        vertical-align: top;\n",
       "    }\n",
       "\n",
       "    .dataframe thead th {\n",
       "        text-align: right;\n",
       "    }\n",
       "</style>\n",
       "<table border=\"1\" class=\"dataframe\">\n",
       "  <thead>\n",
       "    <tr style=\"text-align: right;\">\n",
       "      <th></th>\n",
       "      <th>Topology</th>\n",
       "      <th>Removal Rate</th>\n",
       "      <th>Edges removed (N=16)</th>\n",
       "    </tr>\n",
       "  </thead>\n",
       "  <tbody>\n",
       "    <tr>\n",
       "      <th>0</th>\n",
       "      <td>line</td>\n",
       "      <td>0%</td>\n",
       "      <td>N/A - too sparse</td>\n",
       "    </tr>\n",
       "    <tr>\n",
       "      <th>1</th>\n",
       "      <td>full</td>\n",
       "      <td>30%</td>\n",
       "      <td>random</td>\n",
       "    </tr>\n",
       "    <tr>\n",
       "      <th>2</th>\n",
       "      <td>ring</td>\n",
       "      <td>20%</td>\n",
       "      <td>random</td>\n",
       "    </tr>\n",
       "    <tr>\n",
       "      <th>3</th>\n",
       "      <td>lattice</td>\n",
       "      <td>25%</td>\n",
       "      <td>random</td>\n",
       "    </tr>\n",
       "  </tbody>\n",
       "</table>\n",
       "</div>"
      ],
      "text/plain": [
       "  Topology Removal Rate Edges removed (N=16)\n",
       "0     line           0%     N/A - too sparse\n",
       "1     full          30%               random\n",
       "2     ring          20%               random\n",
       "3  lattice          25%               random"
      ]
     },
     "metadata": {},
     "output_type": "display_data"
    }
   ],
   "source": [
    "df_stages = pd.DataFrame([\n",
    "    {\n",
    "        'Stage': stage,\n",
    "        'Description': params['description'],\n",
    "        'vm (m/s)': params['vm'],\n",
    "        'p (shape)': params['p'],\n",
    "        'Axonal Loss': 'Yes' if stage == 3 else 'No'\n",
    "    }\n",
    "    for stage, params in MS_STAGES.items()\n",
    "])\n",
    "display(df_stages)\n",
    "\n",
    "print(\"\\nEdge removal rates for stage 3:\")\n",
    "df_removal = pd.DataFrame([\n",
    "    {'Topology': t, 'Removal Rate': f\"{int(r*100)}%\", 'Edges removed (N=16)': 'N/A - too sparse' if r==0 else 'random'}\n",
    "    for t, r in REMOVAL_RATES.items()\n",
    "])\n",
    "display(df_removal)"
   ]
  },
  {
   "cell_type": "code",
   "execution_count": 27,
   "metadata": {
    "_sphinx_cell_id": "e19c26fb-2bd6-40a8-8912-da43528e6166"
   },
   "outputs": [],
   "source": [
    "def run_stage(topology, stage, seed=SEED):\n",
    "    params = get_stage_params(stage)\n",
    "    \n",
    "    m = Metapopulation()\n",
    "    m.load_config(CONFIG)\n",
    "    m.create_network(params={'topology': topology, 'N': N})\n",
    "    \n",
    "    if stage == 3:\n",
    "        n_removed = remove_edges(m.network, topology, seed=seed)\n",
    "        print(f\"  {topology}: removed {n_removed} edges\")\n",
    "    \n",
    "    m.create_delay_matrix(\n",
    "        mode='heterogeneous',\n",
    "        vm=params['vm'],\n",
    "        p=params['p'],\n",
    "        seed=seed\n",
    "    )\n",
    "    m.initialise_model(params={\n",
    "        'tau_1': params['tau_1'],\n",
    "        'tau_2': params['tau_2']\n",
    "    })\n",
    "    m.run_simulation()\n",
    "    return m\n",
    "\n",
    "\n",
    "def get_synchrony(trajectories, t_array, t_start=20):\n",
    "    mask = t_array >= t_start\n",
    "    E = trajectories[0][:, mask]\n",
    "    return float(np.mean(np.var(E, axis=0)))\n",
    "\n",
    "\n",
    "def get_frequency(trajectories, t_array, dt=0.1, t_start=20):\n",
    "    mask = t_array >= t_start\n",
    "    E = trajectories[0][:, mask]\n",
    "    freqs = np.fft.rfftfreq(E.shape[1], d=dt)\n",
    "    fft_power = np.abs(np.fft.rfft(E, axis=1))\n",
    "    fft_power[:, 0] = 0\n",
    "    fft_mean = np.mean(fft_power, axis=0)\n",
    "    return float(freqs[np.argmax(fft_mean)])\n",
    "\n",
    "\n",
    "def plot_stage(results, stage, t_start=25):\n",
    "    \"\"\"Plot trajectories and delay matrices for all topologies at a given stage.\"\"\"\n",
    "    fig, axes = plt.subplots(2, len(TOPOLOGIES), figsize=(18, 8))\n",
    "    fig.suptitle(f\"Stage {stage}: {MS_STAGES[stage]['description']}\")\n",
    "\n",
    "    # Global colorbar range across all topologies for this stage\n",
    "    all_delays = [results[(topology, stage)].model.params['rho'] for topology in TOPOLOGIES]\n",
    "    vmin = min(D.min() for D in all_delays)\n",
    "    vmax = max(D.max() for D in all_delays)\n",
    "    \n",
    "    for i, topology in enumerate(TOPOLOGIES):\n",
    "        m = results[(topology, stage)]\n",
    "        t = m.model.time_array\n",
    "        mask = t >= t_start\n",
    "        \n",
    "        # Trajectory\n",
    "        axes[0, i].plot(t[mask], m.model.trajectories[0][:, mask].T, \n",
    "                       color='blue', alpha=0.5, linewidth=0.8)\n",
    "        axes[0, i].plot(t[mask], m.model.trajectories[1][:, mask].T, \n",
    "                       color='black', alpha=0.5, linewidth=0.8)\n",
    "        axes[0, i].set_title(topology)\n",
    "        axes[0, i].set_ylim(0, 1)\n",
    "        axes[0, i].set_xlabel(\"Time (ms)\")\n",
    "        if i == 0:\n",
    "            axes[0, i].set_ylabel(\"Activity\")\n",
    "        \n",
    "        # Delay matrix\n",
    "        D = m.model.params['rho']\n",
    "        im = axes[1, i].imshow(D, cmap='viridis')\n",
    "        axes[1, i].set_title(f\"{topology} delay matrix\")\n",
    "        axes[1, i].set_xlabel(\"Node\")\n",
    "        axes[1, i].set_ylabel(\"Node\")\n",
    "        plt.colorbar(im, ax=axes[1, i])\n",
    "    \n",
    "    plt.tight_layout()\n",
    "    plt.savefig(f\"kavya_figures/ms_stage_{stage}.png\", dpi=150)\n",
    "    plt.show()\n",
    "\n",
    "\n",
    "def get_metrics_df(results, stage):\n",
    "    \"\"\"Return synchrony and frequency metrics as a dataframe.\"\"\"\n",
    "    rows = []\n",
    "    for topology in TOPOLOGIES:\n",
    "        m = results[(topology, stage)]\n",
    "        rows.append({\n",
    "            'Topology': topology,\n",
    "            'Stage': stage,\n",
    "            'Description': MS_STAGES[stage]['description'],\n",
    "            'Synchrony': get_synchrony(m.model.trajectories, m.model.time_array),\n",
    "            'Frequency (Hz)': get_frequency(m.model.trajectories, m.model.time_array)\n",
    "        })\n",
    "    return pd.DataFrame(rows)"
   ]
  },
  {
   "cell_type": "markdown",
   "metadata": {
    "_sphinx_cell_id": "6faa53a9-e0ff-422a-9b2e-66b981747624"
   },
   "source": [
    "## Stage 0: Healthy Baseline\n",
    "\n",
    "In the healthy brain, myelin sheaths are intact and conduction velocities are relatively \n",
    "uniform across axon tracts. We model this with:\n",
    "- vm = 6.0 m/s (mode of Gamma distribution, within Atay & Hutt's reported 5-12 m/s range)\n",
    "- p = 10.0 (narrow distribution, uniform myelination)\n",
    "- Full connectivity\n",
    "\n",
    "This establishes the baseline oscillatory dynamics against which all MS stages are compared."
   ]
  },
  {
   "cell_type": "code",
   "execution_count": 28,
   "metadata": {
    "_sphinx_cell_id": "5f2ba84a-f13b-45bc-8cac-a9332c3207e7"
   },
   "outputs": [
    {
     "name": "stdout",
     "output_type": "stream",
     "text": [
      "  line...\n",
      "Model parameters:\n",
      "{'mode': 'wilson_cowan', 'c_ee': 1, 'c_ei': -1, 'c_ie': 1, 'c_ii': -1, 'tau_1': 1.0, 'tau_2': 1.4, 'rho': array([[0.        , 0.14090648, 0.24604938, 0.94122009, 0.5958522 ,\n",
      "        0.78006984, 0.71052402, 1.06346116, 1.07197561, 1.24319896,\n",
      "        1.18453661, 1.81254499, 1.28684753, 2.32276689, 1.83921238,\n",
      "        2.04405627],\n",
      "       [0.14090648, 0.        , 0.08346679, 0.36765146, 0.38425131,\n",
      "        0.64400485, 1.02414752, 0.73973183, 1.62454   , 1.55005995,\n",
      "        1.34542354, 1.18698483, 1.38250428, 1.69911879, 3.35796058,\n",
      "        2.53723419],\n",
      "       [0.24604938, 0.08346679, 0.        , 0.16975621, 0.41569417,\n",
      "        0.84560163, 0.58930023, 0.62236222, 1.04378473, 0.83418607,\n",
      "        1.92984222, 1.90664195, 1.48275813, 1.96470593, 1.53255697,\n",
      "        1.74769993],\n",
      "       [0.94122009, 0.36765146, 0.16975621, 0.        , 0.17479966,\n",
      "        0.46838726, 0.54351439, 0.53382058, 0.63096677, 1.07023063,\n",
      "        1.97653155, 1.96404551, 1.23134181, 1.75686484, 1.91843371,\n",
      "        2.55508166],\n",
      "       [0.5958522 , 0.38425131, 0.41569417, 0.17479966, 0.        ,\n",
      "        0.21417675, 0.23958348, 0.40609213, 0.75618634, 0.75813746,\n",
      "        0.86469597, 0.67519828, 1.75930016, 1.3022185 , 1.19975609,\n",
      "        1.10240051],\n",
      "       [0.78006984, 0.64400485, 0.84560163, 0.46838726, 0.21417675,\n",
      "        0.        , 0.19203917, 0.35274846, 0.38203726, 1.03861353,\n",
      "        0.70260563, 0.52027435, 0.95340044, 2.70414969, 1.83598001,\n",
      "        1.90216867],\n",
      "       [0.71052402, 1.02414752, 0.58930023, 0.54351439, 0.23958348,\n",
      "        0.19203917, 0.        , 0.11215679, 0.32673362, 0.84289067,\n",
      "        0.63155154, 0.74424032, 1.09810876, 1.50737073, 0.67004129,\n",
      "        1.07870446],\n",
      "       [1.06346116, 0.73973183, 0.62236222, 0.53382058, 0.40609213,\n",
      "        0.35274846, 0.11215679, 0.        , 0.11662305, 0.32652022,\n",
      "        0.57911925, 0.72115845, 1.20716367, 0.58236059, 1.12873164,\n",
      "        0.8378558 ],\n",
      "       [1.07197561, 1.62454   , 1.04378473, 0.63096677, 0.75618634,\n",
      "        0.38203726, 0.32673362, 0.11662305, 0.        , 0.17763036,\n",
      "        0.27120015, 0.4391259 , 0.9989457 , 0.46650186, 1.05589648,\n",
      "        1.58680348],\n",
      "       [1.24319896, 1.55005995, 0.83418607, 1.07023063, 0.75813746,\n",
      "        1.03861353, 0.84289067, 0.32652022, 0.17763036, 0.        ,\n",
      "        0.12703274, 0.31085664, 0.41842279, 0.60295141, 1.63368839,\n",
      "        1.23714276],\n",
      "       [1.18453661, 1.34542354, 1.92984222, 1.97653155, 0.86469597,\n",
      "        0.70260563, 0.63155154, 0.57911925, 0.27120015, 0.12703274,\n",
      "        0.        , 0.2087577 , 0.23431822, 0.46096087, 0.53255431,\n",
      "        0.86373086],\n",
      "       [1.81254499, 1.18698483, 1.90664195, 1.96404551, 0.67519828,\n",
      "        0.52027435, 0.74424032, 0.72115845, 0.4391259 , 0.31085664,\n",
      "        0.2087577 , 0.        , 0.1311405 , 0.32629258, 0.50071034,\n",
      "        0.58673315],\n",
      "       [1.28684753, 1.38250428, 1.48275813, 1.23134181, 1.75930016,\n",
      "        0.95340044, 1.09810876, 1.20716367, 0.9989457 , 0.41842279,\n",
      "        0.23431822, 0.1311405 , 0.        , 0.15074242, 0.15154247,\n",
      "        0.62076669],\n",
      "       [2.32276689, 1.69911879, 1.96470593, 1.75686484, 1.3022185 ,\n",
      "        2.70414969, 1.50737073, 0.58236059, 0.46650186, 0.60295141,\n",
      "        0.46096087, 0.32629258, 0.15074242, 0.        , 0.2589246 ,\n",
      "        0.28085945],\n",
      "       [1.83921238, 3.35796058, 1.53255697, 1.91843371, 1.19975609,\n",
      "        1.83598001, 0.67004129, 1.12873164, 1.05589648, 1.63368839,\n",
      "        0.53255431, 0.50071034, 0.15154247, 0.2589246 , 0.        ,\n",
      "        0.19808717],\n",
      "       [2.04405627, 2.53723419, 1.74769993, 2.55508166, 1.10240051,\n",
      "        1.90216867, 1.07870446, 0.8378558 , 1.58680348, 1.23714276,\n",
      "        0.86373086, 0.58673315, 0.62076669, 0.28085945, 0.19808717,\n",
      "        0.        ]]), 'beta': 10, 'alpha': 0.6, 'T_e': 1, 'T_i': 1, 'P': 0.5, 'Q': 0.5, 'k': 1}\n"
     ]
    },
    {
     "name": "stderr",
     "output_type": "stream",
     "text": [
      "ld: warning: duplicate -rpath '/Users/kavya/anaconda3/lib' ignored\n"
     ]
    },
    {
     "name": "stdout",
     "output_type": "stream",
     "text": [
      "Using default integration parameters.\n",
      "  full...\n",
      "Model parameters:\n",
      "{'mode': 'wilson_cowan', 'c_ee': 1, 'c_ei': -1, 'c_ie': 1, 'c_ii': -1, 'tau_1': 1.0, 'tau_2': 1.4, 'rho': array([[0.        , 0.14090648, 0.12302469, 0.31374003, 0.14896305,\n",
      "        0.15601397, 0.11842067, 0.15192302, 0.13399695, 0.13813322,\n",
      "        0.11845366, 0.16477682, 0.10723729, 0.17867438, 0.13137231,\n",
      "        0.13627042],\n",
      "       [0.14090648, 0.        , 0.08346679, 0.18382573, 0.12808377,\n",
      "        0.16100121, 0.2048295 , 0.12328864, 0.23207714, 0.19375749,\n",
      "        0.1494915 , 0.11869848, 0.12568221, 0.14159323, 0.25830466,\n",
      "        0.18123101],\n",
      "       [0.12302469, 0.08346679, 0.        , 0.16975621, 0.20784708,\n",
      "        0.28186721, 0.14732506, 0.12447244, 0.17396412, 0.11916944,\n",
      "        0.24123028, 0.21184911, 0.14827581, 0.17860963, 0.12771308,\n",
      "        0.13443846],\n",
      "       [0.31374003, 0.18382573, 0.16975621, 0.        , 0.17479966,\n",
      "        0.23419363, 0.18117146, 0.13345515, 0.12619335, 0.17837177,\n",
      "        0.28236165, 0.24550569, 0.13681576, 0.17568648, 0.17440306,\n",
      "        0.21292347],\n",
      "       [0.14896305, 0.12808377, 0.20784708, 0.17479966, 0.        ,\n",
      "        0.21417675, 0.11979174, 0.13536404, 0.18904658, 0.15162749,\n",
      "        0.144116  , 0.0964569 , 0.21991252, 0.14469094, 0.11997561,\n",
      "        0.10021823],\n",
      "       [0.15601397, 0.16100121, 0.28186721, 0.23419363, 0.21417675,\n",
      "        0.        , 0.19203917, 0.17637423, 0.12734575, 0.25965338,\n",
      "        0.14052113, 0.08671239, 0.13620006, 0.33801871, 0.20399778,\n",
      "        0.19021687],\n",
      "       [0.11842067, 0.2048295 , 0.14732506, 0.18117146, 0.11979174,\n",
      "        0.19203917, 0.        , 0.11215679, 0.16336681, 0.28096356,\n",
      "        0.15788789, 0.14884806, 0.18301813, 0.21533868, 0.08375516,\n",
      "        0.11985605],\n",
      "       [0.15192302, 0.12328864, 0.12447244, 0.13345515, 0.13536404,\n",
      "        0.17637423, 0.11215679, 0.        , 0.11662305, 0.16326011,\n",
      "        0.19303975, 0.18028961, 0.24143273, 0.0970601 , 0.16124738,\n",
      "        0.10473198],\n",
      "       [0.13399695, 0.23207714, 0.17396412, 0.12619335, 0.18904658,\n",
      "        0.12734575, 0.16336681, 0.11662305, 0.        , 0.17763036,\n",
      "        0.13560007, 0.1463753 , 0.24973643, 0.09330037, 0.17598275,\n",
      "        0.22668621],\n",
      "       [0.13813322, 0.19375749, 0.11916944, 0.17837177, 0.15162749,\n",
      "        0.25965338, 0.28096356, 0.16326011, 0.17763036, 0.        ,\n",
      "        0.12703274, 0.15542832, 0.13947426, 0.15073785, 0.32673768,\n",
      "        0.20619046],\n",
      "       [0.11845366, 0.1494915 , 0.24123028, 0.28236165, 0.144116  ,\n",
      "        0.14052113, 0.15788789, 0.19303975, 0.13560007, 0.12703274,\n",
      "        0.        , 0.2087577 , 0.11715911, 0.15365362, 0.13313858,\n",
      "        0.17274617],\n",
      "       [0.16477682, 0.11869848, 0.21184911, 0.24550569, 0.0964569 ,\n",
      "        0.08671239, 0.14884806, 0.18028961, 0.1463753 , 0.15542832,\n",
      "        0.2087577 , 0.        , 0.1311405 , 0.16314629, 0.16690345,\n",
      "        0.14668329],\n",
      "       [0.10723729, 0.12568221, 0.14827581, 0.13681576, 0.21991252,\n",
      "        0.13620006, 0.18301813, 0.24143273, 0.24973643, 0.13947426,\n",
      "        0.11715911, 0.1311405 , 0.        , 0.15074242, 0.07577123,\n",
      "        0.20692223],\n",
      "       [0.17867438, 0.14159323, 0.17860963, 0.17568648, 0.14469094,\n",
      "        0.33801871, 0.21533868, 0.0970601 , 0.09330037, 0.15073785,\n",
      "        0.15365362, 0.16314629, 0.15074242, 0.        , 0.2589246 ,\n",
      "        0.14042973],\n",
      "       [0.13137231, 0.25830466, 0.12771308, 0.17440306, 0.11997561,\n",
      "        0.20399778, 0.08375516, 0.16124738, 0.17598275, 0.32673768,\n",
      "        0.13313858, 0.16690345, 0.07577123, 0.2589246 , 0.        ,\n",
      "        0.19808717],\n",
      "       [0.13627042, 0.18123101, 0.13443846, 0.21292347, 0.10021823,\n",
      "        0.19021687, 0.11985605, 0.10473198, 0.22668621, 0.20619046,\n",
      "        0.17274617, 0.14668329, 0.20692223, 0.14042973, 0.19808717,\n",
      "        0.        ]]), 'beta': 10, 'alpha': 0.6, 'T_e': 1, 'T_i': 1, 'P': 0.5, 'Q': 0.5, 'k': 1}\n"
     ]
    },
    {
     "name": "stderr",
     "output_type": "stream",
     "text": [
      "ld: warning: duplicate -rpath '/Users/kavya/anaconda3/lib' ignored\n"
     ]
    },
    {
     "name": "stdout",
     "output_type": "stream",
     "text": [
      "Using default integration parameters.\n",
      "  ring...\n",
      "Model parameters:\n",
      "{'mode': 'wilson_cowan', 'c_ee': 1, 'c_ei': -1, 'c_ie': 1, 'c_ii': -1, 'tau_1': 1.0, 'tau_2': 1.4, 'rho': array([[0.        , 0.14090648, 0.12302469, 0.31374003, 0.2979261 ,\n",
      "        0.31202793, 0.23684134, 0.45576907, 0.40199086, 0.41439965,\n",
      "        0.23690732, 0.32955363, 0.21447459, 0.17867438, 0.13137231,\n",
      "        0.13627042],\n",
      "       [0.14090648, 0.        , 0.08346679, 0.18382573, 0.12808377,\n",
      "        0.32200243, 0.40965901, 0.24657728, 0.69623143, 0.58127248,\n",
      "        0.44847451, 0.23739697, 0.25136441, 0.28318647, 0.25830466,\n",
      "        0.18123101],\n",
      "       [0.12302469, 0.08346679, 0.        , 0.16975621, 0.20784708,\n",
      "        0.28186721, 0.29465011, 0.24894489, 0.34792824, 0.35750831,\n",
      "        0.72369083, 0.63554732, 0.29655163, 0.35721926, 0.25542616,\n",
      "        0.13443846],\n",
      "       [0.31374003, 0.18382573, 0.16975621, 0.        , 0.17479966,\n",
      "        0.23419363, 0.18117146, 0.26691029, 0.25238671, 0.35674354,\n",
      "        0.84708495, 0.73651707, 0.41044727, 0.35137297, 0.34880613,\n",
      "        0.42584694],\n",
      "       [0.2979261 , 0.12808377, 0.20784708, 0.17479966, 0.        ,\n",
      "        0.21417675, 0.11979174, 0.13536404, 0.37809317, 0.30325498,\n",
      "        0.28823199, 0.28937069, 0.65973756, 0.43407283, 0.23995122,\n",
      "        0.20043646],\n",
      "       [0.31202793, 0.32200243, 0.28186721, 0.23419363, 0.21417675,\n",
      "        0.        , 0.19203917, 0.17637423, 0.12734575, 0.51930676,\n",
      "        0.28104225, 0.17342478, 0.40860019, 1.01405614, 0.61199334,\n",
      "        0.38043373],\n",
      "       [0.23684134, 0.40965901, 0.29465011, 0.18117146, 0.11979174,\n",
      "        0.19203917, 0.        , 0.11215679, 0.16336681, 0.28096356,\n",
      "        0.31577577, 0.29769613, 0.36603625, 0.64601603, 0.25126548,\n",
      "        0.35956815],\n",
      "       [0.45576907, 0.24657728, 0.24894489, 0.26691029, 0.13536404,\n",
      "        0.17637423, 0.11215679, 0.        , 0.11662305, 0.16326011,\n",
      "        0.19303975, 0.36057923, 0.48286547, 0.1941202 , 0.48374213,\n",
      "        0.31419593],\n",
      "       [0.40199086, 0.69623143, 0.34792824, 0.25238671, 0.37809317,\n",
      "        0.12734575, 0.16336681, 0.11662305, 0.        , 0.17763036,\n",
      "        0.13560007, 0.1463753 , 0.49947285, 0.18660075, 0.35196549,\n",
      "        0.68005863],\n",
      "       [0.41439965, 0.58127248, 0.35750831, 0.35674354, 0.30325498,\n",
      "        0.51930676, 0.28096356, 0.16326011, 0.17763036, 0.        ,\n",
      "        0.12703274, 0.15542832, 0.13947426, 0.3014757 , 0.65347535,\n",
      "        0.41238092],\n",
      "       [0.23690732, 0.44847451, 0.72369083, 0.84708495, 0.28823199,\n",
      "        0.28104225, 0.31577577, 0.19303975, 0.13560007, 0.12703274,\n",
      "        0.        , 0.2087577 , 0.11715911, 0.15365362, 0.26627716,\n",
      "        0.34549235],\n",
      "       [0.32955363, 0.23739697, 0.63554732, 0.73651707, 0.28937069,\n",
      "        0.17342478, 0.29769613, 0.36057923, 0.1463753 , 0.15542832,\n",
      "        0.2087577 , 0.        , 0.1311405 , 0.16314629, 0.16690345,\n",
      "        0.29336658],\n",
      "       [0.21447459, 0.25136441, 0.29655163, 0.41044727, 0.65973756,\n",
      "        0.40860019, 0.36603625, 0.48286547, 0.49947285, 0.13947426,\n",
      "        0.11715911, 0.1311405 , 0.        , 0.15074242, 0.07577123,\n",
      "        0.20692223],\n",
      "       [0.17867438, 0.28318647, 0.35721926, 0.35137297, 0.43407283,\n",
      "        1.01405614, 0.64601603, 0.1941202 , 0.18660075, 0.3014757 ,\n",
      "        0.15365362, 0.16314629, 0.15074242, 0.        , 0.2589246 ,\n",
      "        0.14042973],\n",
      "       [0.13137231, 0.25830466, 0.25542616, 0.34880613, 0.23995122,\n",
      "        0.61199334, 0.25126548, 0.48374213, 0.35196549, 0.65347535,\n",
      "        0.26627716, 0.16690345, 0.07577123, 0.2589246 , 0.        ,\n",
      "        0.19808717],\n",
      "       [0.13627042, 0.18123101, 0.13443846, 0.42584694, 0.20043646,\n",
      "        0.38043373, 0.35956815, 0.31419593, 0.68005863, 0.41238092,\n",
      "        0.34549235, 0.29336658, 0.20692223, 0.14042973, 0.19808717,\n",
      "        0.        ]]), 'beta': 10, 'alpha': 0.6, 'T_e': 1, 'T_i': 1, 'P': 0.5, 'Q': 0.5, 'k': 1}\n"
     ]
    },
    {
     "name": "stderr",
     "output_type": "stream",
     "text": [
      "ld: warning: duplicate -rpath '/Users/kavya/anaconda3/lib' ignored\n"
     ]
    },
    {
     "name": "stdout",
     "output_type": "stream",
     "text": [
      "Using default integration parameters.\n",
      "  lattice...\n",
      "Model parameters:\n",
      "{'mode': 'wilson_cowan', 'c_ee': 1, 'c_ei': -1, 'c_ie': 1, 'c_ii': -1, 'tau_1': 1.0, 'tau_2': 1.4, 'rho': array([[0.        , 0.14090648, 0.24604938, 0.94122009, 0.14896305,\n",
      "        0.31202793, 0.35526201, 0.60769209, 0.2679939 , 0.41439965,\n",
      "        0.47381464, 0.82388409, 0.32171188, 0.7146975 , 0.65686156,\n",
      "        0.81762251],\n",
      "       [0.14090648, 0.        , 0.08346679, 0.36765146, 0.25616754,\n",
      "        0.16100121, 0.40965901, 0.36986592, 0.69623143, 0.38751499,\n",
      "        0.44847451, 0.47479393, 0.50272883, 0.4247797 , 1.03321864,\n",
      "        0.90615507],\n",
      "       [0.24604938, 0.08346679, 0.        , 0.16975621, 0.62354125,\n",
      "        0.56373442, 0.14732506, 0.24894489, 0.69585649, 0.35750831,\n",
      "        0.48246055, 0.63554732, 0.74137907, 0.71443852, 0.38313924,\n",
      "        0.53775382],\n",
      "       [0.94122009, 0.36765146, 0.16975621, 0.        , 0.69919864,\n",
      "        0.7025809 , 0.36234293, 0.13345515, 0.63096677, 0.71348709,\n",
      "        0.84708495, 0.49101138, 0.82089454, 0.87843242, 0.69761226,\n",
      "        0.63877042],\n",
      "       [0.14896305, 0.25616754, 0.62354125, 0.69919864, 0.        ,\n",
      "        0.21417675, 0.23958348, 0.40609213, 0.18904658, 0.30325498,\n",
      "        0.43234799, 0.38582759, 0.43982504, 0.43407283, 0.47990244,\n",
      "        0.50109114],\n",
      "       [0.31202793, 0.16100121, 0.56373442, 0.7025809 , 0.21417675,\n",
      "        0.        , 0.19203917, 0.35274846, 0.25469151, 0.25965338,\n",
      "        0.28104225, 0.26013717, 0.40860019, 0.67603742, 0.61199334,\n",
      "        0.76086747],\n",
      "       [0.35526201, 0.40965901, 0.14732506, 0.36234293, 0.23958348,\n",
      "        0.19203917, 0.        , 0.11215679, 0.49010042, 0.56192711,\n",
      "        0.15788789, 0.29769613, 0.73207251, 0.64601603, 0.16751032,\n",
      "        0.35956815],\n",
      "       [0.60769209, 0.36986592, 0.24894489, 0.13345515, 0.40609213,\n",
      "        0.35274846, 0.11215679, 0.        , 0.4664922 , 0.48978033,\n",
      "        0.3860795 , 0.18028961, 1.20716367, 0.3882404 , 0.48374213,\n",
      "        0.20946395],\n",
      "       [0.2679939 , 0.69623143, 0.69585649, 0.63096677, 0.18904658,\n",
      "        0.25469151, 0.49010042, 0.4664922 , 0.        , 0.17763036,\n",
      "        0.27120015, 0.4391259 , 0.24973643, 0.18660075, 0.52794824,\n",
      "        0.90674484],\n",
      "       [0.41439965, 0.38751499, 0.35750831, 0.71348709, 0.30325498,\n",
      "        0.25965338, 0.56192711, 0.48978033, 0.17763036, 0.        ,\n",
      "        0.12703274, 0.31085664, 0.27894853, 0.15073785, 0.65347535,\n",
      "        0.61857138],\n",
      "       [0.47381464, 0.44847451, 0.48246055, 0.84708495, 0.43234799,\n",
      "        0.28104225, 0.15788789, 0.3860795 , 0.27120015, 0.12703274,\n",
      "        0.        , 0.2087577 , 0.35147733, 0.30730725, 0.13313858,\n",
      "        0.34549235],\n",
      "       [0.82388409, 0.47479393, 0.63554732, 0.49101138, 0.38582759,\n",
      "        0.26013717, 0.29769613, 0.18028961, 0.4391259 , 0.31085664,\n",
      "        0.2087577 , 0.        , 0.52456198, 0.48943887, 0.3338069 ,\n",
      "        0.14668329],\n",
      "       [0.32171188, 0.50272883, 0.74137907, 0.82089454, 0.43982504,\n",
      "        0.40860019, 0.73207251, 1.20716367, 0.24973643, 0.27894853,\n",
      "        0.35147733, 0.52456198, 0.        , 0.15074242, 0.15154247,\n",
      "        0.62076669],\n",
      "       [0.7146975 , 0.4247797 , 0.71443852, 0.87843242, 0.43407283,\n",
      "        0.67603742, 0.64601603, 0.3882404 , 0.18660075, 0.15073785,\n",
      "        0.30730725, 0.48943887, 0.15074242, 0.        , 0.2589246 ,\n",
      "        0.28085945],\n",
      "       [0.65686156, 1.03321864, 0.38313924, 0.69761226, 0.47990244,\n",
      "        0.61199334, 0.16751032, 0.48374213, 0.52794824, 0.65347535,\n",
      "        0.13313858, 0.3338069 , 0.15154247, 0.2589246 , 0.        ,\n",
      "        0.19808717],\n",
      "       [0.81762251, 0.90615507, 0.53775382, 0.63877042, 0.50109114,\n",
      "        0.76086747, 0.35956815, 0.20946395, 0.90674484, 0.61857138,\n",
      "        0.34549235, 0.14668329, 0.62076669, 0.28085945, 0.19808717,\n",
      "        0.        ]]), 'beta': 10, 'alpha': 0.6, 'T_e': 1, 'T_i': 1, 'P': 0.5, 'Q': 0.5, 'k': 1}\n"
     ]
    },
    {
     "name": "stderr",
     "output_type": "stream",
     "text": [
      "ld: warning: duplicate -rpath '/Users/kavya/anaconda3/lib' ignored\n"
     ]
    },
    {
     "name": "stdout",
     "output_type": "stream",
     "text": [
      "Using default integration parameters.\n",
      "Done.\n"
     ]
    }
   ],
   "source": [
    "results = {}\n",
    "\n",
    "for topology in TOPOLOGIES:\n",
    "    print(f\"  {topology}...\")\n",
    "    results[(topology, 0)] = run_stage(topology, 0)\n",
    "\n",
    "print(\"Done.\")"
   ]
  },
  {
   "cell_type": "code",
   "execution_count": 29,
   "metadata": {
    "_sphinx_cell_id": "2fdca4a1-aff1-4d4c-9126-f1a61e240e99"
   },
   "outputs": [
    {
     "data": {
