{
 "cells": [
  {
   "cell_type": "markdown",
   "metadata": {
    "_sphinx_cell_id": "5ef944ae-d588-4e89-a5ca-da99c1ef1ef1"
   },
   "source": [
    "## MS Disease Progression: A Network Delay Perspective\n",
    "\n",
    "This notebook models the progressive neural network changes associated with Multiple Sclerosis (MS) \n",
    "using the Wilson-Cowan metapopulation DDE framework (Conti & Van Gorder, 2019), extended with \n",
    "heterogeneous delay structure (Atay & Hutt, 2006).\n",
    "\n",
    "MS is a demyelinating disease of the central nervous system characterised by progressive degradation \n",
    "of the myelin sheath surrounding axons. This has direct consequences for neural signal transmission:\n",
    "\n",
    "- **Demyelination** reduces and destabilises axonal conduction velocity\n",
    "- **Axonal loss** in advanced stages permanently disrupts network connectivity\n",
    "\n",
    "We model these effects through three mechanisms already present in our delay framework:\n",
    "1. Reduced mean conduction velocity (vm)\n",
    "2. Increased heterogeneity in conduction velocities (lower shape parameter p)\n",
    "3. Random edge removal to simulate axonal loss (stage 3 only)\n",
    "\n",
    "We track how these progressive changes affect oscillatory dynamics across four network topologies, \n",
    "asking: does network architecture determine vulnerability to MS-related dynamic disruption?\n",
    "\n",
    "### References\n",
    "- Compston & Coles (2008) - Multiple sclerosis. Lancet.\n",
    "- Waxman (2006) - Ions, energy and axonal injury. Trends in Neurosciences.\n",
    "- Bjartmar & Trapp (2001) - Axonal and neuronal degeneration in MS. Current Opinion in Neurology.\n",
    "- Atay & Hutt (2006) - Neural fields with distributed transmission speeds. SIAM Journal.\n",
    "- Conti & Van Gorder (2019) - Network structure and time delay in Wilson-Cowan model. JTB."
   ]
  },
  {
   "cell_type": "code",
   "execution_count": 1,
   "metadata": {
    "_sphinx_cell_id": "47a3b255-85a0-453f-8667-4110578f7c97"
   },
   "outputs": [],
   "source": [
    "import os\n",
    "import sys\n",
    "import numpy as np\n",
    "import matplotlib.pyplot as plt\n",
    "import pandas as pd\n",
    "import networkx as nx\n",
    "\n",
    "sys.path.append(os.path.abspath(\"..\"))\n",
    "\n",
    "from src.metapopulation import Metapopulation\n",
    "from src.delays import heterogeneous_delay_matrix\n",
    "from src.ms_progression import remove_edges, get_stage_params, MS_STAGES, REMOVAL_RATES\n",
    "\n",
    "CONFIG = os.path.join(os.path.dirname(os.path.abspath(\"__file__\")), \"distance_delays.yaml\")\n",
    "TOPOLOGIES = ['line', 'full', 'ring', 'lattice']\n",
    "N = 16\n",
    "SEED = 42"
   ]
  },
  {
   "cell_type": "markdown",
   "metadata": {
    "_sphinx_cell_id": "aaa7c1d1-9c73-4861-8a1f-ac643944016c"
   },
   "source": [
    "### MS Staging Parameters\n",
    "\n",
    "We model four stages of MS progression based on established literature values:\n",
    "\n",
    "| Stage | Description | vm (m/s) | p (shape) | Axonal Loss |\n",
    "|-------|-------------|----------|-----------|-------------|\n",
    "| 0 | Healthy baseline | 6.0 | 10.0 | None |\n",
    "| 1 | Early MS: focal demyelination | 4.0 | 4.5 | None |\n",
    "| 2 | Moderate MS: widespread demyelination | 2.0 | 2.5 | None |\n",
    "| 3 | Severe MS: axonal loss | 2.0 | 2.5 | Yes |\n",
    "\n",
    "**vm** is the mode of the Gamma-distributed conduction velocity (Atay & Hutt, 2006, eq. 5.2). \n",
    "Waxman (2006) reports 40-50% reduction in conduction velocity in demyelinated axons, motivating \n",
    "the progression from 6.0 to 4.0 to 2.0 m/s.\n",
    "\n",
    "**p** is the shape parameter of the Gamma distribution. Lower p means broader distribution - \n",
    "more heterogeneous myelination across axon tracts. In healthy tissue, myelination is relatively \n",
    "uniform (high p). MS causes patchy demyelination, increasing heterogeneity (lower p).\n",
    "\n",
    "**Axonal loss rates for stage 3:**\n",
    "- Line: 0% (too sparse - any removal fragments network, itself a finding)\n",
    "- Full: 30% random removal (Bjartmar & Trapp, 2001)\n",
    "- Ring: 20% random removal\n",
    "- Lattice: 25% random removal\n",
    "\n",
    "All stages use target_mean_rho=10 to keep mean delay fixed, isolating the effect of \n",
    "heterogeneity and connectivity changes from mean delay magnitude."
   ]
  },
  {
   "cell_type": "code",
   "execution_count": 2,
   "metadata": {
    "_sphinx_cell_id": "bcbf5a28-8350-45cc-a660-fbd676c99508"
   },
   "outputs": [
    {
     "data": {
      "text/html": [
       "<div>\n",
       "<style scoped>\n",
       "    .dataframe tbody tr th:only-of-type {\n",
       "        vertical-align: middle;\n",
       "    }\n",
       "\n",
       "    .dataframe tbody tr th {\n",
       "        vertical-align: top;\n",
       "    }\n",
       "\n",
       "    .dataframe thead th {\n",
       "        text-align: right;\n",
       "    }\n",
       "</style>\n",
       "<table border=\"1\" class=\"dataframe\">\n",
       "  <thead>\n",
       "    <tr style=\"text-align: right;\">\n",
       "      <th></th>\n",
       "      <th>Stage</th>\n",
       "      <th>Description</th>\n",
       "      <th>vm (m/s)</th>\n",
       "      <th>p (shape)</th>\n",
       "      <th>Axonal Loss</th>\n",
       "    </tr>\n",
       "  </thead>\n",
       "  <tbody>\n",
       "    <tr>\n",
       "      <th>0</th>\n",
       "      <td>0</td>\n",
       "      <td>Healthy baseline</td>\n",
       "      <td>6.0</td>\n",
       "      <td>10.0</td>\n",
       "      <td>No</td>\n",
       "    </tr>\n",
       "    <tr>\n",
       "      <th>1</th>\n",
       "      <td>1</td>\n",
       "      <td>Early MS: focal demyelination</td>\n",
       "      <td>4.0</td>\n",
       "      <td>4.5</td>\n",
       "      <td>No</td>\n",
       "    </tr>\n",
       "    <tr>\n",
       "      <th>2</th>\n",
       "      <td>2</td>\n",
       "      <td>Moderate MS: widespread demyelination</td>\n",
       "      <td>2.0</td>\n",
       "      <td>2.5</td>\n",
       "      <td>No</td>\n",
       "    </tr>\n",
       "    <tr>\n",
       "      <th>3</th>\n",
       "      <td>3</td>\n",
       "      <td>Severe MS: axonal loss</td>\n",
       "      <td>2.0</td>\n",
       "      <td>2.5</td>\n",
       "      <td>Yes</td>\n",
       "    </tr>\n",
       "  </tbody>\n",
       "</table>\n",
       "</div>"
      ],
      "text/plain": [
       "   Stage                            Description  vm (m/s)  p (shape)  \\\n",
       "0      0                       Healthy baseline       6.0       10.0   \n",
       "1      1          Early MS: focal demyelination       4.0        4.5   \n",
       "2      2  Moderate MS: widespread demyelination       2.0        2.5   \n",
       "3      3                 Severe MS: axonal loss       2.0        2.5   \n",
       "\n",
       "  Axonal Loss  \n",
       "0          No  \n",
       "1          No  \n",
       "2          No  \n",
       "3         Yes  "
      ]
     },
     "metadata": {},
     "output_type": "display_data"
    },
    {
     "name": "stdout",
     "output_type": "stream",
     "text": [
      "\n",
      "Edge removal rates for stage 3:\n"
     ]
    },
    {
     "data": {
      "text/html": [
       "<div>\n",
       "<style scoped>\n",
       "    .dataframe tbody tr th:only-of-type {\n",
       "        vertical-align: middle;\n",
       "    }\n",
       "\n",
       "    .dataframe tbody tr th {\n",
       "        vertical-align: top;\n",
       "    }\n",
       "\n",
       "    .dataframe thead th {\n",
       "        text-align: right;\n",
       "    }\n",
       "</style>\n",
       "<table border=\"1\" class=\"dataframe\">\n",
       "  <thead>\n",
       "    <tr style=\"text-align: right;\">\n",
       "      <th></th>\n",
       "      <th>Topology</th>\n",
       "      <th>Removal Rate</th>\n",
       "      <th>Edges removed (N=16)</th>\n",
       "    </tr>\n",
       "  </thead>\n",
       "  <tbody>\n",
       "    <tr>\n",
       "      <th>0</th>\n",
       "      <td>line</td>\n",
       "      <td>0%</td>\n",
       "      <td>N/A - too sparse</td>\n",
       "    </tr>\n",
       "    <tr>\n",
       "      <th>1</th>\n",
       "      <td>full</td>\n",
       "      <td>30%</td>\n",
       "      <td>random</td>\n",
       "    </tr>\n",
       "    <tr>\n",
       "      <th>2</th>\n",
       "      <td>ring</td>\n",
       "      <td>20%</td>\n",
       "      <td>random</td>\n",
       "    </tr>\n",
       "    <tr>\n",
       "      <th>3</th>\n",
       "      <td>lattice</td>\n",
       "      <td>25%</td>\n",
       "      <td>random</td>\n",
       "    </tr>\n",
       "  </tbody>\n",
       "</table>\n",
       "</div>"
      ],
      "text/plain": [
       "  Topology Removal Rate Edges removed (N=16)\n",
       "0     line           0%     N/A - too sparse\n",
       "1     full          30%               random\n",
       "2     ring          20%               random\n",
       "3  lattice          25%               random"
      ]
     },
     "metadata": {},
     "output_type": "display_data"
    }
   ],
   "source": [
    "df_stages = pd.DataFrame([\n",
    "    {\n",
    "        'Stage': stage,\n",
    "        'Description': params['description'],\n",
    "        'vm (m/s)': params['vm'],\n",
    "        'p (shape)': params['p'],\n",
    "        'Axonal Loss': 'Yes' if stage == 3 else 'No'\n",
    "    }\n",
    "    for stage, params in MS_STAGES.items()\n",
    "])\n",
    "display(df_stages)\n",
    "\n",
    "print(\"\\nEdge removal rates for stage 3:\")\n",
    "df_removal = pd.DataFrame([\n",
    "    {'Topology': t, 'Removal Rate': f\"{int(r*100)}%\", 'Edges removed (N=16)': 'N/A - too sparse' if r==0 else 'random'}\n",
    "    for t, r in REMOVAL_RATES.items()\n",
    "])\n",
    "display(df_removal)"
   ]
  },
  {
   "cell_type": "code",
   "execution_count": 8,
   "metadata": {
    "_sphinx_cell_id": "e19c26fb-2bd6-40a8-8912-da43528e6166"
   },
   "outputs": [],
   "source": [
    "def run_stage(topology, stage, seed=SEED):\n",
    "    \"\"\"Run simulation for a given topology and MS stage.\"\"\"\n",
    "    params = get_stage_params(stage)\n",
    "    \n",
    "    m = Metapopulation()\n",
    "    m.load_config(CONFIG)\n",
    "    m.create_network(params={'topology': topology, 'N': N})\n",
    "    \n",
    "    # Stage 3: remove edges first\n",
    "    if stage == 3:\n",
    "        n_removed = remove_edges(m.network, topology, seed=seed)\n",
    "        print(f\"  {topology}: removed {n_removed} edges\")\n",
    "    \n",
    "    m.create_delay_matrix(\n",
    "        mode='heterogeneous',\n",
    "        vm=params['vm'],\n",
    "        p=params['p'],\n",
    "        target_mean_rho=10.0,\n",
    "        seed=seed\n",
    "    )\n",
    "    m.initialise_model()\n",
    "    m.run_simulation()\n",
    "    return m\n",
    "\n",
    "\n",
    "def get_synchrony(trajectories, t_array, t_start=20):\n",
    "    mask = t_array >= t_start\n",
    "    E = trajectories[0][:, mask]\n",
    "    return float(np.mean(np.var(E, axis=0)))\n",
    "\n",
    "\n",
    "def get_frequency(trajectories, t_array, dt=0.1, t_start=20):\n",
    "    mask = t_array >= t_start\n",
    "    E = trajectories[0][:, mask]\n",
    "    freqs = np.fft.rfftfreq(E.shape[1], d=dt)\n",
    "    fft_power = np.abs(np.fft.rfft(E, axis=1))\n",
    "    fft_power[:, 0] = 0\n",
    "    fft_mean = np.mean(fft_power, axis=0)\n",
    "    return float(freqs[np.argmax(fft_mean)])\n",
    "\n",
    "\n",
    "def plot_stage(results, stage, t_start=25):\n",
    "    \"\"\"Plot trajectories and delay matrices for all topologies at a given stage.\"\"\"\n",
    "    fig, axes = plt.subplots(2, len(TOPOLOGIES), figsize=(18, 8))\n",
    "    fig.suptitle(f\"Stage {stage}: {MS_STAGES[stage]['description']}\")\n",
    "    \n",
    "    for i, topology in enumerate(TOPOLOGIES):\n",
    "        m = results[(topology, stage)]\n",
    "        t = m.model.time_array\n",
    "        mask = t >= t_start\n",
    "        \n",
    "        # Trajectory\n",
    "        axes[0, i].plot(t[mask], m.model.trajectories[0][:, mask].T, \n",
    "                       color='blue', alpha=0.5, linewidth=0.8)\n",
    "        axes[0, i].plot(t[mask], m.model.trajectories[1][:, mask].T, \n",
    "                       color='black', alpha=0.5, linewidth=0.8)\n",
    "        axes[0, i].set_title(topology)\n",
    "        axes[0, i].set_ylim(0, 1)\n",
    "        axes[0, i].set_xlabel(\"Time (ms)\")\n",
    "        if i == 0:\n",
    "            axes[0, i].set_ylabel(\"Activity\")\n",
    "        \n",
    "        # Delay matrix\n",
    "        D = m.model.params['rho']\n",
    "        im = axes[1, i].imshow(D, cmap='viridis')\n",
    "        axes[1, i].set_title(f\"{topology} delay matrix\")\n",
    "        axes[1, i].set_xlabel(\"Node\")\n",
    "        axes[1, i].set_ylabel(\"Node\")\n",
    "        plt.colorbar(im, ax=axes[1, i])\n",
    "    \n",
    "    plt.tight_layout()\n",
    "    plt.savefig(f\"kavya_figures/ms_stage_{stage}.png\", dpi=150)\n",
    "    plt.show()\n",
    "\n",
    "\n",
    "def get_metrics_df(results, stage):\n",
    "    \"\"\"Return synchrony and frequency metrics as a dataframe.\"\"\"\n",
    "    rows = []\n",
    "    for topology in TOPOLOGIES:\n",
    "        m = results[(topology, stage)]\n",
    "        rows.append({\n",
    "            'Topology': topology,\n",
    "            'Stage': stage,\n",
    "            'Description': MS_STAGES[stage]['description'],\n",
    "            'Synchrony': get_synchrony(m.model.trajectories, m.model.time_array),\n",
    "            'Frequency (Hz)': get_frequency(m.model.trajectories, m.model.time_array)\n",
    "        })\n",
    "    return pd.DataFrame(rows)"
   ]
  },
  {
   "cell_type": "markdown",
   "metadata": {
    "_sphinx_cell_id": "6faa53a9-e0ff-422a-9b2e-66b981747624"
   },
   "source": [
    "## Stage 0: Healthy Baseline\n",
    "\n",
    "In the healthy brain, myelin sheaths are intact and conduction velocities are relatively \n",
    "uniform across axon tracts. We model this with:\n",
    "- vm = 6.0 m/s (mode of Gamma distribution, within Atay & Hutt's reported 5-12 m/s range)\n",
    "- p = 10.0 (narrow distribution, uniform myelination)\n",
    "- Full connectivity\n",
    "\n",
    "This establishes the baseline oscillatory dynamics against which all MS stages are compared."
   ]
  },
  {
   "cell_type": "code",
   "execution_count": 4,
   "metadata": {
    "_sphinx_cell_id": "5f2ba84a-f13b-45bc-8cac-a9332c3207e7"
   },
   "outputs": [
    {
     "name": "stdout",
     "output_type": "stream",
     "text": [
      "  line...\n",
      "Model parameters:\n",
      "{'mode': 'wilson_cowan', 'c_ee': 1, 'c_ei': -1, 'c_ie': 1, 'c_ii': -1, 'tau_1': 1.0, 'tau_2': 1.4, 'rho': array([[ 0.        ,  1.50534914,  2.62862445, 10.05535613,  6.36568019,\n",
      "         8.33373631,  7.59075601, 11.36129673, 11.45225937, 13.28149328,\n",
      "        12.65478459, 19.36399956, 13.74780498, 24.81486379, 19.64889588,\n",
      "        21.83730882],\n",
      "       [ 1.50534914,  0.        ,  0.89170249,  3.92773846,  4.10508003,\n",
      "         6.88011042, 10.94129646,  7.90279247, 17.35548198, 16.55978773,\n",
      "        14.37359124, 12.68093972, 14.76973668, 18.15223111, 35.87417015,\n",
      "        27.1060868 ],\n",
      "       [ 2.62862445,  0.89170249,  0.        ,  1.81356007,  4.44099416,\n",
      "         9.0338335 ,  6.2956834 ,  6.64889522, 11.15108714,  8.91187736,\n",
      "        20.61712351, 20.36926755, 15.84078081, 20.98958369, 16.37279777,\n",
      "        18.67123902],\n",
      "       [10.05535613,  3.92773846,  1.81356007,  0.        ,  1.86744085,\n",
      "         5.0039314 ,  5.80653859,  5.70297654,  6.74082039, 11.43361716,\n",
      "        21.11592056, 20.98252829, 13.15481955, 18.76915066, 20.49524272,\n",
      "        27.29675709],\n",
      "       [ 6.36568019,  4.10508003,  4.44099416,  1.86744085,  0.        ,\n",
      "         2.28811893,  2.55954713,  4.3384125 ,  8.07858123,  8.09942569,\n",
      "         9.23782448,  7.21335984, 18.79516804, 13.91201797, 12.81737918,\n",
      "        11.77729826],\n",
      "       [ 8.33373631,  6.88011042,  9.0338335 ,  5.0039314 ,  2.28811893,\n",
      "         0.        ,  2.05161605,  3.768525  ,  4.08142662, 11.09584152,\n",
      "         7.50616131,  5.55825776, 10.18548272, 28.88929867, 19.61436343,\n",
      "        20.32147812],\n",
      "       [ 7.59075601, 10.94129646,  6.2956834 ,  5.80653859,  2.55954713,\n",
      "         2.05161605,  0.        ,  1.19820697,  3.49060003,  9.00487142,\n",
      "         6.74706771,  7.95095805, 11.73144813, 16.10372508,  7.15826602,\n",
      "        11.52414574],\n",
      "       [11.36129673,  7.90279247,  6.64889522,  5.70297654,  4.3384125 ,\n",
      "         3.768525  ,  1.19820697,  0.        ,  1.24592145,  3.48832028,\n",
      "         6.1869167 ,  7.70436707, 12.89651676,  6.22154505, 12.05860218,\n",
      "         8.95108231],\n",
      "       [11.45225937, 17.35548198, 11.15108714,  6.74082039,  8.07858123,\n",
      "         4.08142662,  3.49060003,  1.24592145,  0.        ,  1.89768211,\n",
      "         2.89731817,  4.69132285, 10.67205739,  4.98378907, 11.28048087,\n",
      "        16.95233059],\n",
      "       [13.28149328, 16.55978773,  8.91187736, 11.43361716,  8.09942569,\n",
      "        11.09584152,  9.00487142,  3.48832028,  1.89768211,  0.        ,\n",
      "         1.35713157,  3.32098122,  4.47014488,  6.44152332, 17.45321712,\n",
      "        13.21679296],\n",
      "       [12.65478459, 14.37359124, 20.61712351, 21.11592056,  9.23782448,\n",
      "         7.50616131,  6.74706771,  6.1869167 ,  2.89731817,  1.35713157,\n",
      "         0.        ,  2.23022551,  2.50329668,  4.92459283,  5.68944858,\n",
      "         9.2275139 ],\n",
      "       [19.36399956, 12.68093972, 20.36926755, 20.98252829,  7.21335984,\n",
      "         5.55825776,  7.95095805,  7.70436707,  4.69132285,  3.32098122,\n",
      "         2.23022551,  0.        ,  1.40101598,  3.48588829,  5.34924923,\n",
      "         6.26825848],\n",
      "       [13.74780498, 14.76973668, 15.84078081, 13.15481955, 18.79516804,\n",
      "        10.18548272, 11.73144813, 12.89651676, 10.67205739,  4.47014488,\n",
      "         2.50329668,  1.40101598,  0.        ,  1.61042963,  1.6189768 ,\n",
      "         6.63184971],\n",
      "       [24.81486379, 18.15223111, 20.98958369, 18.76915066, 13.91201797,\n",
      "        28.88929867, 16.10372508,  6.22154505,  4.98378907,  6.44152332,\n",
      "         4.92459283,  3.48588829,  1.61042963,  0.        ,  2.76617454,\n",
      "         3.00051163],\n",
      "       [19.64889588, 35.87417015, 16.37279777, 20.49524272, 12.81737918,\n",
      "        19.61436343,  7.15826602, 12.05860218, 11.28048087, 17.45321712,\n",
      "         5.68944858,  5.34924923,  1.6189768 ,  2.76617454,  0.        ,\n",
      "         2.11622874],\n",
      "       [21.83730882, 27.1060868 , 18.67123902, 27.29675709, 11.77729826,\n",
      "        20.32147812, 11.52414574,  8.95108231, 16.95233059, 13.21679296,\n",
      "         9.2275139 ,  6.26825848,  6.63184971,  3.00051163,  2.11622874,\n",
      "         0.        ]]), 'beta': 10, 'alpha': 0.6, 'T_e': 1, 'T_i': 1, 'P': 0.5, 'Q': 0.5, 'k': 1}\n"
     ]
    },
    {
     "name": "stderr",
     "output_type": "stream",
     "text": [
      "ld: warning: duplicate -rpath '/Users/kavya/anaconda3/lib' ignored\n"
     ]
    },
    {
     "name": "stdout",
     "output_type": "stream",
     "text": [
      "Using default integration parameters.\n",
      "  full...\n",
      "Model parameters:\n",
      "{'mode': 'wilson_cowan', 'c_ee': 1, 'c_ei': -1, 'c_ie': 1, 'c_ii': -1, 'tau_1': 1.0, 'tau_2': 1.4, 'rho': array([[ 0.        ,  8.44843762,  7.37628538, 18.8111508 ,  8.93149146,\n",
      "         9.35424873,  7.10023862,  9.10896484,  8.03415769,  8.28215893,\n",
      "         7.10221671,  9.8796496 ,  6.42970844, 10.71291616,  7.87679021,\n",
      "         8.17046962],\n",
      "       [ 8.44843762,  0.        ,  5.00448211, 11.02177975,  7.67961657,\n",
      "         9.65327281, 12.28111913,  7.39211117, 13.9148267 , 11.61726621,\n",
      "         8.9631764 ,  7.1168957 ,  7.53562417,  8.4896137 , 15.48737001,\n",
      "        10.86620645],\n",
      "       [ 7.37628538,  5.00448211,  0.        , 10.17820299, 12.46204656,\n",
      "        16.90012786,  8.83328111,  7.46308946, 10.43049987,  7.14513311,\n",
      "        14.46362817, 12.70199877,  8.89028631, 10.70903413,  7.65739084,\n",
      "         8.06062931],\n",
      "       [18.8111508 , 11.02177975, 10.17820299,  0.        , 10.48059688,\n",
      "        14.04172664, 10.86263594,  8.00167221,  7.56627137, 10.6947727 ,\n",
      "        16.92977329, 14.71997232,  8.20316692, 10.53376883, 10.45681786,\n",
      "        12.76641541],\n",
      "       [ 8.93149146,  7.67961657, 12.46204656, 10.48059688,  0.        ,\n",
      "        12.84155919,  7.1824448 ,  8.11612544, 11.33481061,  9.09124546,\n",
      "         8.64087293,  5.78333994, 13.18546313,  8.67534557,  7.19346931,\n",
      "         6.00886091],\n",
      "       [ 9.35424873,  9.65327281, 16.90012786, 14.04172664, 12.84155919,\n",
      "         0.        , 11.51423927, 10.57500467,  7.63536672, 15.56823637,\n",
      "         8.42533256,  5.19908114,  8.16625128, 20.26684634, 12.2312508 ,\n",
      "        11.40497813],\n",
      "       [ 7.10023862, 12.28111913,  8.83328111, 10.86263594,  7.1824448 ,\n",
      "        11.51423927,  0.        ,  6.72467044,  9.7951086 , 16.84594678,\n",
      "         9.46660465,  8.92459713, 10.97335772, 12.91122563,  5.02177222,\n",
      "         7.18630086],\n",
      "       [ 9.10896484,  7.39211117,  7.46308946,  8.00167221,  8.11612544,\n",
      "        10.57500467,  6.72467044,  0.        ,  6.99245734,  9.78871131,\n",
      "        11.57423183, 10.80976214, 14.47576704,  5.81950657,  9.66803225,\n",
      "         6.27949511],\n",
      "       [ 8.03415769, 13.9148267 , 10.43049987,  7.56627137, 11.33481061,\n",
      "         7.63536672,  9.7951086 ,  6.99245734,  0.        , 10.65031923,\n",
      "         8.13027729,  8.77633576, 14.9736378 ,  5.59408179, 10.55153214,\n",
      "        13.59159847],\n",
      "       [ 8.28215893, 11.61726621,  7.14513311, 10.6947727 ,  9.09124546,\n",
      "        15.56823637, 16.84594678,  9.78871131, 10.65031923,  0.        ,\n",
      "         7.61659942,  9.31913464,  8.36256501,  9.03790464, 19.59046073,\n",
      "        12.36271904],\n",
      "       [ 7.10221671,  8.9631764 , 14.46362817, 16.92977329,  8.64087293,\n",
      "         8.42533256,  9.46660465, 11.57423183,  8.13027729,  7.61659942,\n",
      "         0.        , 12.51664518,  7.02459825,  9.21272773,  7.98269155,\n",
      "        10.35747435],\n",
      "       [ 9.8796496 ,  7.1168957 , 12.70199877, 14.71997232,  5.78333994,\n",
      "         5.19908114,  8.92459713, 10.80976214,  8.77633576,  9.31913464,\n",
      "        12.51664518,  0.        ,  7.86289094,  9.78188679, 10.00715764,\n",
      "         8.79480203],\n",
      "       [ 6.42970844,  7.53562417,  8.89028631,  8.20316692, 13.18546313,\n",
      "         8.16625128, 10.97335772, 14.47576704, 14.9736378 ,  8.36256501,\n",
      "         7.02459825,  7.86289094,  0.        ,  9.0381785 ,  4.5430738 ,\n",
      "        12.40659439],\n",
      "       [10.71291616,  8.4896137 , 10.70903413, 10.53376883,  8.67534557,\n",
      "        20.26684634, 12.91122563,  5.81950657,  5.59408179,  9.03790464,\n",
      "         9.21272773,  9.78188679,  9.0381785 ,  0.        , 15.52454004,\n",
      "         8.41985245],\n",
      "       [ 7.87679021, 15.48737001,  7.65739084, 10.45681786,  7.19346931,\n",
      "        12.2312508 ,  5.02177222,  9.66803225, 10.55153214, 19.59046073,\n",
      "         7.98269155, 10.00715764,  4.5430738 , 15.52454004,  0.        ,\n",
      "        11.87686365],\n",
      "       [ 8.17046962, 10.86620645,  8.06062931, 12.76641541,  6.00886091,\n",
      "        11.40497813,  7.18630086,  6.27949511, 13.59159847, 12.36271904,\n",
      "        10.35747435,  8.79480203, 12.40659439,  8.41985245, 11.87686365,\n",
      "         0.        ]]), 'beta': 10, 'alpha': 0.6, 'T_e': 1, 'T_i': 1, 'P': 0.5, 'Q': 0.5, 'k': 1}\n"
     ]
    },
    {
     "name": "stderr",
     "output_type": "stream",
     "text": [
      "ld: warning: duplicate -rpath '/Users/kavya/anaconda3/lib' ignored\n"
     ]
    },
    {
     "name": "stdout",
     "output_type": "stream",
     "text": [
      "Using default integration parameters.\n",
      "  ring...\n",
      "Model parameters:\n",
      "{'mode': 'wilson_cowan', 'c_ee': 1, 'c_ei': -1, 'c_ie': 1, 'c_ii': -1, 'tau_1': 1.0, 'tau_2': 1.4, 'rho': array([[ 0.        ,  4.66774488,  4.07538291, 10.39312318,  9.86926232,\n",
      "        10.33640741,  7.84573527, 15.09805455, 13.31656814, 13.72762871,\n",
      "         7.84792104, 10.91697327,  7.10480209,  5.91886475,  4.35191083,\n",
      "         4.51416812],\n",
      "       [ 4.66774488,  0.        ,  2.76496635,  6.08951126,  4.24297279,\n",
      "        10.66682782, 13.57058749,  8.16825327, 23.06374173, 19.25554901,\n",
      "        14.85641108,  7.86414126,  8.32683455,  9.38098917,  8.55674094,\n",
      "         6.00355732],\n",
      "       [ 4.07538291,  2.76496635,  0.        ,  5.62343679,  6.88525579,\n",
      "         9.33728683,  9.76074028,  8.24668398, 11.52566062, 11.84301525,\n",
      "        23.97337687, 21.05348671,  9.8237308 , 11.83343986,  8.46138624,\n",
      "         4.45348156],\n",
      "       [10.39312318,  6.08951126,  5.62343679,  0.        ,  5.79050881,\n",
      "         7.75802587,  6.00158462,  8.84181577,  8.36069959, 11.81768104,\n",
      "        28.0609976 , 24.39826576, 13.59669993, 11.6397724 , 11.55474189,\n",
      "        14.10683794],\n",
      "       [ 9.86926232,  4.24297279,  6.88525579,  5.79050881,  0.        ,\n",
      "         7.09493576,  3.96828638,  4.48414306, 12.52492036, 10.04578986,\n",
      "         9.54813001,  9.58585123, 21.854826  , 14.37933321,  7.9487548 ,\n",
      "         6.63976726],\n",
      "       [10.33640741, 10.66682782,  9.33728683,  7.75802587,  7.09493576,\n",
      "         0.        ,  6.36159416,  5.84266892,  4.21852484, 17.20283889,\n",
      "         9.30995876,  5.74496386, 13.53551248, 33.59217616, 20.27322478,\n",
      "        12.6024552 ],\n",
      "       [ 7.84573527, 13.57058749,  9.76074028,  6.00158462,  3.96828638,\n",
      "         6.36159416,  0.        ,  3.71536697,  5.4117779 ,  9.30735189,\n",
      "        10.46056026,  9.86164412, 12.12551637, 21.40027898,  8.32355731,\n",
      "        11.91125054],\n",
      "       [15.09805455,  8.16825327,  8.24668398,  8.84181577,  4.48414306,\n",
      "         5.84266892,  3.71536697,  0.        ,  3.86331869,  5.40824341,\n",
      "         6.39473993, 11.94474391, 15.99566465,  6.43053147, 16.02470543,\n",
      "        10.40822546],\n",
      "       [13.31656814, 23.06374173, 11.52566062,  8.36069959, 12.52492036,\n",
      "         4.21852484,  5.4117779 ,  3.86331869,  0.        ,  5.88428006,\n",
      "         4.49196194,  4.84890795, 16.54580985,  6.18143799, 11.65940079,\n",
      "        22.52799287],\n",
      "       [13.72762871, 19.25554901, 11.84301525, 11.81768104, 10.04578986,\n",
      "        17.20283889,  9.30735189,  5.40824341,  5.88428006,  0.        ,\n",
      "         4.20815594,  5.14880324,  4.62030043,  9.98684846, 21.64738072,\n",
      "        13.66075507],\n",
      "       [ 7.84792104, 14.85641108, 23.97337687, 28.0609976 ,  9.54813001,\n",
      "         9.30995876, 10.46056026,  6.39473993,  4.49196194,  4.20815594,\n",
      "         0.        ,  6.91542142,  3.88107648,  5.09001364,  8.82084222,\n",
      "        11.44496771],\n",
      "       [10.91697327,  7.86414126, 21.05348671, 24.39826576,  9.58585123,\n",
      "         5.74496386,  9.86164412, 11.94474391,  4.84890795,  5.14880324,\n",
      "         6.91542142,  0.        ,  4.34423151,  5.40447288,  5.52893458,\n",
      "         9.71822105],\n",
      "       [ 7.10480209,  8.32683455,  9.8237308 , 13.59669993, 21.854826  ,\n",
      "        13.53551248, 12.12551637, 15.99566465, 16.54580985,  4.62030043,\n",
      "         3.88107648,  4.34423151,  0.        ,  4.99357554,  2.51003918,\n",
      "         6.85461858],\n",
      "       [ 5.91886475,  9.38098917, 11.83343986, 11.6397724 , 14.37933321,\n",
      "        33.59217616, 21.40027898,  6.43053147,  6.18143799,  9.98684846,\n",
      "         5.09001364,  5.40447288,  4.99357554,  0.        ,  8.57727731,\n",
      "         4.65195163],\n",
      "       [ 4.35191083,  8.55674094,  8.46138624, 11.55474189,  7.9487548 ,\n",
      "        20.27322478,  8.32355731, 16.02470543, 11.65940079, 21.64738072,\n",
      "         8.82084222,  5.52893458,  2.51003918,  8.57727731,  0.        ,\n",
      "         6.5619434 ],\n",
      "       [ 4.51416812,  6.00355732,  4.45348156, 14.10683794,  6.63976726,\n",
      "        12.6024552 , 11.91125054, 10.40822546, 22.52799287, 13.66075507,\n",
      "        11.44496771,  9.71822105,  6.85461858,  4.65195163,  6.5619434 ,\n",
      "         0.        ]]), 'beta': 10, 'alpha': 0.6, 'T_e': 1, 'T_i': 1, 'P': 0.5, 'Q': 0.5, 'k': 1}\n"
     ]
    },
    {
     "name": "stderr",
     "output_type": "stream",
     "text": [
      "ld: warning: duplicate -rpath '/Users/kavya/anaconda3/lib' ignored\n"
     ]
    },
    {
     "name": "stdout",
     "output_type": "stream",
     "text": [
      "Using default integration parameters.\n",
      "  lattice...\n",
      "Model parameters:\n",
      "{'mode': 'wilson_cowan', 'c_ee': 1, 'c_ei': -1, 'c_ie': 1, 'c_ii': -1, 'tau_1': 1.0, 'tau_2': 1.4, 'rho': array([[ 0.        ,  3.22063044,  5.62383017, 21.51300659,  3.40477547,\n",
      "         7.1318697 ,  8.12004975, 13.88972054,  6.12540541,  9.47172991,\n",
      "        10.82974927, 18.83111505,  7.35321095, 16.33549084, 15.0135631 ,\n",
      "        18.68799722],\n",
      "       [ 3.22063044,  0.        ,  1.90775953,  8.40322931,  5.85509604,\n",
      "         3.67992587,  9.36337529,  8.45384411, 15.91342081,  8.85724031,\n",
      "        10.25056229, 10.85213238, 11.49062661,  9.70898152, 23.61577249,\n",
      "        20.71154262],\n",
      "       [ 5.62383017,  1.90775953,  0.        ,  3.8800346 , 14.25197707,\n",
      "        12.8850016 ,  3.36733669,  5.69001136, 15.90485097,  8.17139246,\n",
      "        11.02736462, 14.52639374, 16.94533826, 16.32957135,  8.75722604,\n",
      "        12.29117582],\n",
      "       [21.51300659,  8.40322931,  3.8800346 ,  0.        , 15.98124093,\n",
      "        16.05854746,  8.28189483,  3.05031891, 14.4216984 , 16.30782494,\n",
      "        19.36140581, 11.22280662, 18.76278447, 20.07789961, 15.94498172,\n",
      "        14.60006258],\n",
      "       [ 3.40477547,  5.85509604, 14.25197707, 15.98124093,  0.        ,\n",
      "         4.8953331 ,  5.47604217,  9.28184894,  4.3209452 ,  6.93135066,\n",
      "         9.8819662 ,  8.81867225, 10.05286557,  9.92139017, 10.96889495,\n",
      "        11.45319478],\n",
      "       [ 7.1318697 ,  3.67992587, 12.8850016 , 16.05854746,  4.8953331 ,\n",
      "         0.        ,  4.38934524,  8.06259888,  5.82135906,  5.9347702 ,\n",
      "         6.4236451 ,  5.94582799,  9.33917439, 15.45185632, 13.98803199,\n",
      "        17.39077511],\n",
      "       [ 8.12004975,  9.36337529,  3.36733669,  8.28189483,  5.47604217,\n",
      "         4.38934524,  0.        ,  2.56351284, 11.20198537, 12.84369283,\n",
      "         3.60876607,  6.80429458, 16.73262273, 14.76567197,  3.82870139,\n",
      "         8.21847316],\n",
      "       [13.88972054,  8.45384411,  5.69001136,  3.05031891,  9.28184894,\n",
      "         8.06259888,  2.56351284,  0.        , 10.66238371, 11.19466922,\n",
      "         8.82443002,  4.12079138, 27.59154885,  8.87382061, 11.05665697,\n",
      "         4.78761494],\n",
      "       [ 6.12540541, 15.91342081, 15.90485097, 14.4216984 ,  4.3209452 ,\n",
      "         5.82135906, 11.20198537, 10.66238371,  0.        ,  4.06001012,\n",
      "         6.19868895, 10.03688563,  5.70810317,  4.26504186, 12.06705442,\n",
      "        20.72502284],\n",
      "       [ 9.47172991,  8.85724031,  8.17139246, 16.30782494,  6.93135066,\n",
      "         5.9347702 , 12.84369283, 11.19466922,  4.06001012,  0.        ,\n",
      "         2.90352524,  7.105098  ,  6.37578984,  3.44534126, 14.93616616,\n",
      "        14.13838308],\n",
      "       [10.82974927, 10.25056229, 11.02736462, 19.36140581,  9.8819662 ,\n",
      "         6.4236451 ,  3.60876607,  8.82443002,  6.19868895,  2.90352524,\n",
      "         0.        ,  4.77147257,  8.03354511,  7.02397121,  3.04308329,\n",
      "         7.89674934],\n",
      "       [18.83111505, 10.85213238, 14.52639374, 11.22280662,  8.81867225,\n",
      "         5.94582799,  6.80429458,  4.12079138, 10.03688563,  7.105098  ,\n",
      "         4.77147257,  0.        , 11.98965631, 11.18686449,  7.62966075,\n",
      "         3.35266807],\n",
      "       [ 7.35321095, 11.49062661, 16.94533826, 18.76278447, 10.05286557,\n",
      "         9.33917439, 16.73262273, 27.59154885,  5.70810317,  6.37578984,\n",
      "         8.03354511, 11.98965631,  0.        ,  3.44544566,  3.46373197,\n",
      "        14.18856027],\n",
      "       [16.33549084,  9.70898152, 16.32957135, 20.07789961,  9.92139017,\n",
      "        15.45185632, 14.76567197,  8.87382061,  4.26504186,  3.44534126,\n",
      "         7.02397121, 11.18686449,  3.44544566,  0.        ,  5.91811272,\n",
      "         6.41946695],\n",
      "       [15.0135631 , 23.61577249,  8.75722604, 15.94498172, 10.96889495,\n",
      "        13.98803199,  3.82870139, 11.05665697, 12.06705442, 14.93616616,\n",
      "         3.04308329,  7.62966075,  3.46373197,  5.91811272,  0.        ,\n",
      "         4.52758134],\n",
      "       [18.68799722, 20.71154262, 12.29117582, 14.60006258, 11.45319478,\n",
      "        17.39077511,  8.21847316,  4.78761494, 20.72502284, 14.13838308,\n",
      "         7.89674934,  3.35266807, 14.18856027,  6.41946695,  4.52758134,\n",
      "         0.        ]]), 'beta': 10, 'alpha': 0.6, 'T_e': 1, 'T_i': 1, 'P': 0.5, 'Q': 0.5, 'k': 1}\n"
     ]
    },
    {
     "name": "stderr",
     "output_type": "stream",
     "text": [
      "ld: warning: duplicate -rpath '/Users/kavya/anaconda3/lib' ignored\n"
     ]
    },
    {
     "name": "stdout",
     "output_type": "stream",
     "text": [
      "Using default integration parameters.\n",
      "Done.\n"
     ]
    }
   ],
   "source": [
    "results = {}\n",
    "\n",
    "for topology in TOPOLOGIES:\n",
    "    print(f\"  {topology}...\")\n",
    "    results[(topology, 0)] = run_stage(topology, 0)\n",
    "\n",
    "print(\"Done.\")"
   ]
  },
  {
   "cell_type": "code",
   "execution_count": 10,
   "metadata": {
    "_sphinx_cell_id": "2fdca4a1-aff1-4d4c-9126-f1a61e240e99"
   },
   "outputs": [
    {
     "data": {
